  0.000000000000000E+000
   1282.07481056991     
   5124.80971286431     
   11527.8290456547     
   20489.0746169148     
   32006.9037788801     
   46079.6756908969     
   62705.7512253182     
   81883.4928538754     
   103611.264514546     
   127887.431458996     
   154710.360080672     
   140888.140781191     
   140827.980644579     
   140767.901441446     
   140707.893975736     
   140647.958885436     
   140588.096006170     
   140528.305174133     
   140468.586226096     
   140408.938999399     
   140349.363331952     
   140289.859062229     
   140230.426029267     
   140171.064072664     
   140111.773032573     
   140052.552749703     
   139993.403065313     
   139934.323821213     
   139875.314859759     
   139816.376023848     
   139757.507156922     
   139698.708102959     
   139639.978706472     
   139581.318812511     
   139522.728266652     
   139464.206915002     
   139405.754604194     
   139347.371181383     
   139289.056494243     
   139230.810390970     
   139172.632720272     
   139114.523331372     
   139056.482074004     
   138998.508798409     
   138940.603355335     
   138882.765596034     
   138824.995372257     
   138767.292536256     
   138709.656940778     
   138652.088439065     
   138594.586884852     
   138537.152132360     
   138479.784036300     
   138422.482451868     
   138365.247234741     
   138308.078241077     
   138250.975327514     
   138193.938351164     
   138136.967169613     
   138080.061640918     
   138023.221623608     
   137966.446976677     
   137909.737559584     
   137853.093232252     
   137796.513855065     
   137739.999288864     
   137683.549394949     
   137627.164035072     
   137570.843071439     
   137514.586366707     
   137458.393783979     
   137402.265186808     
   137346.200439187     
   137290.199405553     
   137234.261950785     
   137178.387940199     
   137122.577239545     
   137066.829715011     
   137011.145233216     
   136955.523661208     
   136899.964866466     
   136844.468716894     
   136789.035080820     
   136733.663826997     
   136678.354824596     
   136623.107943211     
   136567.923052848     
   136512.800023934     
   136457.738727304     
   136402.739034208     
   136347.800816305     
   136292.923945663     
   136238.108294753     
   136183.353736454     
   136128.660144046     
   136074.027391209     
   136019.455352024     
   135964.943900968     
   135910.492912914     
   135856.102263129     
