!      x       |      y       |      z       |     vpx      |     vpy      |      vpz     |  t0 (timestep)                    
  0.719166E+01  -0.224660E+00   0.124780E+01   0.000000E+00   0.000000E+00   0.000000E+00     1
  0.177967E+01  -0.294314E+00   0.137642E+01   0.000000E+00   0.000000E+00   0.000000E+00     1
  0.396784E+01   0.569937E+00   0.190845E+01   0.000000E+00   0.000000E+00   0.000000E+00     1
  0.710193E+01  -0.676420E+00   0.620343E-01   0.000000E+00   0.000000E+00   0.000000E+00     1
  0.120014E+02   0.914641E+00   0.713386E+00   0.000000E+00   0.000000E+00   0.000000E+00     1
  0.715555E+01  -0.416075E+00   0.137907E+01   0.000000E+00   0.000000E+00   0.000000E+00     1
  0.426534E+00   0.955576E-01   0.223212E+01   0.000000E+00   0.000000E+00   0.000000E+00     1
  0.158039E+01  -0.248340E+00   0.194317E+01   0.000000E+00   0.000000E+00   0.000000E+00     1
  0.163577E+01   0.138574E-01   0.249001E+01   0.000000E+00   0.000000E+00   0.000000E+00     1
  0.580836E+01  -0.203424E+00   0.299360E+01   0.000000E+00   0.000000E+00   0.000000E+00     1
  0.164425E+01  -0.568900E-01   0.684201E+00   0.000000E+00   0.000000E+00   0.000000E+00     1
  0.597692E+01   0.180826E+00   0.277061E-01   0.000000E+00   0.000000E+00   0.000000E+00     1
  0.946690E+01  -0.470882E+00   0.276297E+01   0.000000E+00   0.000000E+00   0.000000E+00     1
  0.120301E+02   0.115695E+00   0.191311E-01   0.000000E+00   0.000000E+00   0.000000E+00     1
  0.120651E+02  -0.911738E+00   0.650365E+00   0.000000E+00   0.000000E+00   0.000000E+00     1
  0.162861E+01  -0.567774E+00   0.127586E+01   0.000000E+00   0.000000E+00   0.000000E+00     1
  0.299525E+01   0.983982E+00   0.179594E+00   0.000000E+00   0.000000E+00   0.000000E+00     1
  0.106784E+02  -0.770265E+00   0.228370E+01   0.000000E+00   0.000000E+00   0.000000E+00     1
  0.550278E+01  -0.244828E-01   0.248907E+01   0.000000E+00   0.000000E+00   0.000000E+00     1
  0.951319E+00  -0.499897E+00   0.278010E+01   0.000000E+00   0.000000E+00   0.000000E+00     1
  0.507029E+01  -0.981101E+00   0.128593E+01   0.000000E+00   0.000000E+00   0.000000E+00     1
  0.422315E+01   0.800091E+00   0.199922E+01   0.000000E+00   0.000000E+00   0.000000E+00     1
  0.105295E+02  -0.752117E+00   0.149330E+01   0.000000E+00   0.000000E+00   0.000000E+00     1
  0.262137E+01  -0.882669E+00   0.188532E+01   0.000000E+00   0.000000E+00   0.000000E+00     1
  0.666804E+01  -0.624232E+00   0.300787E+01   0.000000E+00   0.000000E+00   0.000000E+00     1
  0.100385E+02   0.183864E+00   0.105845E+01   0.000000E+00   0.000000E+00   0.000000E+00     1
  0.106367E+02  -0.754176E-01   0.200099E+01   0.000000E+00   0.000000E+00   0.000000E+00     1
  0.797939E+01   0.497250E+00   0.132795E+01   0.000000E+00   0.000000E+00   0.000000E+00     1
  0.134926E+01   0.114978E+00   0.486446E+00   0.000000E+00   0.000000E+00   0.000000E+00     1
  0.156649E+01  -0.773457E+00   0.301430E+00   0.000000E+00   0.000000E+00   0.000000E+00     1
  0.540278E+01  -0.505532E+00   0.176889E+01   0.000000E+00   0.000000E+00   0.000000E+00     1
  0.721260E+01  -0.837345E+00   0.205504E+01   0.000000E+00   0.000000E+00   0.000000E+00     1
  0.292503E+01  -0.318365E+00   0.739216E+00   0.000000E+00   0.000000E+00   0.000000E+00     1
  0.117323E+02  -0.195533E+00   0.129445E+01   0.000000E+00   0.000000E+00   0.000000E+00     1
  0.976418E+01  -0.422205E+00   0.133806E+01   0.000000E+00   0.000000E+00   0.000000E+00     1
  0.723604E+01  -0.221712E-01   0.163182E+01   0.000000E+00   0.000000E+00   0.000000E+00     1
  0.357146E+01  -0.938958E+00   0.103769E+01   0.000000E+00   0.000000E+00   0.000000E+00     1
  0.863876E+01  -0.529164E+00   0.166898E+01   0.000000E+00   0.000000E+00   0.000000E+00     1
  0.955556E+01   0.114573E+00   0.561818E+00   0.000000E+00   0.000000E+00   0.000000E+00     1
  0.243750E+00   0.707233E+00   0.151896E+01   0.000000E+00   0.000000E+00   0.000000E+00     1
  0.621291E+01  -0.266989E+00   0.200170E+01   0.000000E+00   0.000000E+00   0.000000E+00     1
  0.884195E+01  -0.709592E+00   0.107498E+01   0.000000E+00   0.000000E+00   0.000000E+00     1
  0.119765E+02   0.267807E+00   0.994164E+00   0.000000E+00   0.000000E+00   0.000000E+00     1
  0.671327E+01  -0.161114E+00   0.229973E+01   0.000000E+00   0.000000E+00   0.000000E+00     1
  0.100908E+02   0.733324E-01   0.151862E+01   0.000000E+00   0.000000E+00   0.000000E+00     1
  0.452524E+01  -0.708577E+00   0.174026E+01   0.000000E+00   0.000000E+00   0.000000E+00     1
  0.504919E+01  -0.231948E+00   0.136872E+01   0.000000E+00   0.000000E+00   0.000000E+00     1
  0.321282E+01  -0.604206E-01   0.392736E+00   0.000000E+00   0.000000E+00   0.000000E+00     1
  0.103015E+02  -0.815010E+00   0.301725E+01   0.000000E+00   0.000000E+00   0.000000E+00     1
  0.855267E+01  -0.929441E+00   0.215770E+01   0.000000E+00   0.000000E+00   0.000000E+00     1
  0.209393E+01  -0.296011E+00   0.870218E+00   0.000000E+00   0.000000E+00   0.000000E+00     1
  0.108085E+02   0.934275E+00   0.205826E+01   0.000000E+00   0.000000E+00   0.000000E+00     1
  0.680450E+01  -0.332669E+00   0.303733E+01   0.000000E+00   0.000000E+00   0.000000E+00     1
  0.200614E+01   0.440805E+00   0.744309E+00   0.000000E+00   0.000000E+00   0.000000E+00     1
  0.111014E+02  -0.139377E+00   0.535239E+00   0.000000E+00   0.000000E+00   0.000000E+00     1
  0.233289E+01   0.751618E+00   0.280521E+01   0.000000E+00   0.000000E+00   0.000000E+00     1
  0.966579E+01   0.140968E-01   0.264503E+01   0.000000E+00   0.000000E+00   0.000000E+00     1
  0.894836E-01   0.157011E+00   0.216378E+01   0.000000E+00   0.000000E+00   0.000000E+00     1
  0.706065E+01  -0.535886E+00   0.685450E+00   0.000000E+00   0.000000E+00   0.000000E+00     1
  0.803153E+01  -0.743990E+00   0.201802E+01   0.000000E+00   0.000000E+00   0.000000E+00     1
  0.848400E+01  -0.585229E+00   0.213631E+01   0.000000E+00   0.000000E+00   0.000000E+00     1
  0.123339E+02  -0.660600E+00   0.212321E+01   0.000000E+00   0.000000E+00   0.000000E+00     1
  0.971157E+01   0.409024E+00   0.165998E+00   0.000000E+00   0.000000E+00   0.000000E+00     1
  0.611891E+01   0.299765E+00   0.203887E+01   0.000000E+00   0.000000E+00   0.000000E+00     1
  0.999470E+01  -0.108870E+00   0.102231E+01   0.000000E+00   0.000000E+00   0.000000E+00     1
  0.636361E+01   0.231814E+00   0.186735E+01   0.000000E+00   0.000000E+00   0.000000E+00     1
  0.693569E+01   0.498720E+00   0.284443E+01   0.000000E+00   0.000000E+00   0.000000E+00     1
  0.588912E+01   0.515612E+00   0.264721E+01   0.000000E+00   0.000000E+00   0.000000E+00     1
  0.841210E+01   0.596132E+00   0.506225E+00   0.000000E+00   0.000000E+00   0.000000E+00     1
  0.211817E+01   0.753661E+00   0.246780E+01   0.000000E+00   0.000000E+00   0.000000E+00     1
  0.508012E+01  -0.679852E+00   0.179559E+01   0.000000E+00   0.000000E+00   0.000000E+00     1
  0.108231E+02   0.357653E+00   0.689152E+00   0.000000E+00   0.000000E+00   0.000000E+00     1
  0.103060E+02  -0.326693E+00   0.310315E+01   0.000000E+00   0.000000E+00   0.000000E+00     1
  0.104300E+02   0.805480E+00   0.250994E+00   0.000000E+00   0.000000E+00   0.000000E+00     1
  0.105961E+02  -0.535244E+00   0.955917E+00   0.000000E+00   0.000000E+00   0.000000E+00     1
  0.933141E+01   0.300904E+00   0.292167E+01   0.000000E+00   0.000000E+00   0.000000E+00     1
  0.965038E+01   0.180642E+00   0.872439E+00   0.000000E+00   0.000000E+00   0.000000E+00     1
  0.183494E+01  -0.175484E+00   0.274877E+01   0.000000E+00   0.000000E+00   0.000000E+00     1
  0.758020E+01   0.772804E+00   0.275267E+01   0.000000E+00   0.000000E+00   0.000000E+00     1
  0.373381E+01   0.754653E+00   0.148614E+01   0.000000E+00   0.000000E+00   0.000000E+00     1
  0.298330E+01   0.853151E-02   0.628175E+00   0.000000E+00   0.000000E+00   0.000000E+00     1
  0.601804E+01  -0.261996E+00   0.291067E+00   0.000000E+00   0.000000E+00   0.000000E+00     1
  0.533981E+00  -0.274824E+00   0.667506E+00   0.000000E+00   0.000000E+00   0.000000E+00     1
  0.910845E+01   0.468200E-01   0.194089E+01   0.000000E+00   0.000000E+00   0.000000E+00     1
  0.255986E+01  -0.398615E+00   0.481486E+00   0.000000E+00   0.000000E+00   0.000000E+00     1
  0.116057E+01  -0.604316E+00   0.206337E+01   0.000000E+00   0.000000E+00   0.000000E+00     1
  0.514742E+01  -0.603315E+00   0.180813E+01   0.000000E+00   0.000000E+00   0.000000E+00     1
  0.252638E+01   0.574689E-01   0.184765E+01   0.000000E+00   0.000000E+00   0.000000E+00     1
  0.550501E+01   0.830745E+00   0.239285E+01   0.000000E+00   0.000000E+00   0.000000E+00     1
  0.240612E+01   0.944200E+00   0.888231E+00   0.000000E+00   0.000000E+00   0.000000E+00     1
  0.136400E+01   0.313535E+00   0.139201E+01   0.000000E+00   0.000000E+00   0.000000E+00     1
  0.943560E+01   0.538125E+00   0.251801E+01   0.000000E+00   0.000000E+00   0.000000E+00     1
  0.786671E+01   0.167777E-01   0.289915E+01   0.000000E+00   0.000000E+00   0.000000E+00     1
  0.341834E+01  -0.483412E+00   0.747315E+00   0.000000E+00   0.000000E+00   0.000000E+00     1
  0.851178E+01   0.574058E+00   0.155757E+00   0.000000E+00   0.000000E+00   0.000000E+00     1
  0.523442E+00  -0.257054E+00   0.260896E+01   0.000000E+00   0.000000E+00   0.000000E+00     1
  0.219993E+01  -0.558387E+00   0.125526E+01   0.000000E+00   0.000000E+00   0.000000E+00     1
  0.125752E+01   0.136950E+00   0.139832E+01   0.000000E+00   0.000000E+00   0.000000E+00     1
  0.425923E+01  -0.182329E-01   0.483092E+00   0.000000E+00   0.000000E+00   0.000000E+00     1
  0.108359E+02  -0.854939E+00   0.308617E+01   0.000000E+00   0.000000E+00   0.000000E+00     1
  0.716975E+01  -0.626925E+00   0.192572E+01   0.000000E+00   0.000000E+00   0.000000E+00     1
  0.121417E+02   0.795474E+00   0.297928E+01   0.000000E+00   0.000000E+00   0.000000E+00     1
  0.778409E+01  -0.650882E+00   0.215555E+01   0.000000E+00   0.000000E+00   0.000000E+00     1
  0.831906E+01  -0.452033E+00   0.544432E+00   0.000000E+00   0.000000E+00   0.000000E+00     1
  0.112147E+02   0.177572E+00   0.282028E+01   0.000000E+00   0.000000E+00   0.000000E+00     1
  0.173145E+01  -0.238324E+00   0.193151E+00   0.000000E+00   0.000000E+00   0.000000E+00     1
  0.147929E+01   0.129482E+00   0.666507E+00   0.000000E+00   0.000000E+00   0.000000E+00     1
  0.559766E+01   0.807917E+00   0.709660E+00   0.000000E+00   0.000000E+00   0.000000E+00     1
  0.269558E+01   0.851834E+00   0.248676E+01   0.000000E+00   0.000000E+00   0.000000E+00     1
  0.107513E+02   0.636034E+00   0.106220E+01   0.000000E+00   0.000000E+00   0.000000E+00     1
  0.102311E+02  -0.714670E+00   0.650370E-02   0.000000E+00   0.000000E+00   0.000000E+00     1
  0.504459E+01   0.770095E+00   0.242360E+01   0.000000E+00   0.000000E+00   0.000000E+00     1
  0.343889E+01  -0.468436E+00   0.644455E+00   0.000000E+00   0.000000E+00   0.000000E+00     1
  0.471061E+01   0.146342E+00   0.227079E+01   0.000000E+00   0.000000E+00   0.000000E+00     1
  0.953800E+00   0.844052E+00   0.652950E+00   0.000000E+00   0.000000E+00   0.000000E+00     1
  0.264870E+01  -0.586355E+00   0.473945E+00   0.000000E+00   0.000000E+00   0.000000E+00     1
  0.613633E+01   0.254739E+00   0.157287E+01   0.000000E+00   0.000000E+00   0.000000E+00     1
  0.734646E+01  -0.894116E+00   0.142202E+01   0.000000E+00   0.000000E+00   0.000000E+00     1
  0.883069E+01   0.458306E+00   0.285316E+01   0.000000E+00   0.000000E+00   0.000000E+00     1
  0.469436E+01  -0.699622E+00   0.183399E+01   0.000000E+00   0.000000E+00   0.000000E+00     1
  0.495513E+01  -0.983609E+00   0.221893E+01   0.000000E+00   0.000000E+00   0.000000E+00     1
  0.434960E+01  -0.515479E-01   0.216492E+01   0.000000E+00   0.000000E+00   0.000000E+00     1
  0.104671E+02  -0.653258E+00   0.203053E+01   0.000000E+00   0.000000E+00   0.000000E+00     1
  0.109159E+02   0.426052E+00   0.534282E-01   0.000000E+00   0.000000E+00   0.000000E+00     1
  0.695896E+01  -0.938347E+00   0.250383E+01   0.000000E+00   0.000000E+00   0.000000E+00     1
  0.709346E+00  -0.170365E+00   0.459559E+00   0.000000E+00   0.000000E+00   0.000000E+00     1
  0.109615E+02  -0.784933E+00   0.210986E+01   0.000000E+00   0.000000E+00   0.000000E+00     1
  0.869886E+01   0.211128E+00   0.218851E+01   0.000000E+00   0.000000E+00   0.000000E+00     1
  0.101456E+02  -0.552918E+00   0.165179E+01   0.000000E+00   0.000000E+00   0.000000E+00     1
  0.728863E+01  -0.548954E+00   0.345510E+00   0.000000E+00   0.000000E+00   0.000000E+00     1
  0.114801E+02   0.680576E+00   0.139591E+00   0.000000E+00   0.000000E+00   0.000000E+00     1
  0.888000E+01  -0.463931E+00   0.130516E+01   0.000000E+00   0.000000E+00   0.000000E+00     1
  0.102252E+02  -0.502948E-01   0.184396E+00   0.000000E+00   0.000000E+00   0.000000E+00     1
  0.106038E+02  -0.715579E+00   0.788903E+00   0.000000E+00   0.000000E+00   0.000000E+00     1
  0.117372E+02  -0.444971E+00   0.130541E+01   0.000000E+00   0.000000E+00   0.000000E+00     1
  0.121695E+02  -0.779293E+00   0.243210E+00   0.000000E+00   0.000000E+00   0.000000E+00     1
  0.523991E+01   0.647625E+00   0.149777E-01   0.000000E+00   0.000000E+00   0.000000E+00     1
  0.906688E+01   0.189629E+00   0.126226E+01   0.000000E+00   0.000000E+00   0.000000E+00     1
  0.900569E+01   0.670563E+00   0.202770E+00   0.000000E+00   0.000000E+00   0.000000E+00     1
  0.116144E+02   0.647842E+00   0.298433E+01   0.000000E+00   0.000000E+00   0.000000E+00     1
  0.450283E+01  -0.691679E+00   0.269167E+01   0.000000E+00   0.000000E+00   0.000000E+00     1
  0.200660E+01  -0.411372E+00   0.264403E+01   0.000000E+00   0.000000E+00   0.000000E+00     1
  0.111373E+02   0.257006E+00   0.670043E+00   0.000000E+00   0.000000E+00   0.000000E+00     1
  0.603272E+01   0.855369E+00   0.126508E+01   0.000000E+00   0.000000E+00   0.000000E+00     1
  0.962155E+01  -0.885779E-01   0.177814E+01   0.000000E+00   0.000000E+00   0.000000E+00     1
  0.713716E+01   0.209697E+00   0.176575E+00   0.000000E+00   0.000000E+00   0.000000E+00     1
  0.269605E+01   0.781293E-01   0.212682E+01   0.000000E+00   0.000000E+00   0.000000E+00     1
  0.541459E+01   0.727375E+00   0.511112E+00   0.000000E+00   0.000000E+00   0.000000E+00     1
  0.826923E+01  -0.203560E+00   0.911718E+00   0.000000E+00   0.000000E+00   0.000000E+00     1
  0.508685E+01  -0.306301E+00   0.313874E+01   0.000000E+00   0.000000E+00   0.000000E+00     1
  0.106356E+02   0.917989E+00   0.137081E+01   0.000000E+00   0.000000E+00   0.000000E+00     1
  0.268402E+01   0.481769E+00   0.903710E+00   0.000000E+00   0.000000E+00   0.000000E+00     1
  0.109807E+02  -0.816564E+00   0.268098E+01   0.000000E+00   0.000000E+00   0.000000E+00     1
  0.223540E+01   0.783015E+00   0.306533E+01   0.000000E+00   0.000000E+00   0.000000E+00     1
  0.751072E+01  -0.863119E+00   0.249661E+01   0.000000E+00   0.000000E+00   0.000000E+00     1
  0.828229E+01   0.584496E+00   0.217162E+01   0.000000E+00   0.000000E+00   0.000000E+00     1
  0.105949E+01  -0.802965E+00   0.795978E+00   0.000000E+00   0.000000E+00   0.000000E+00     1
  0.374182E+01   0.587108E+00   0.485379E+00   0.000000E+00   0.000000E+00   0.000000E+00     1
  0.783833E+01   0.654567E+00   0.114497E+01   0.000000E+00   0.000000E+00   0.000000E+00     1
  0.124286E+02   0.819662E+00   0.307539E+01   0.000000E+00   0.000000E+00   0.000000E+00     1
  0.466439E+01  -0.624693E+00   0.120152E+01   0.000000E+00   0.000000E+00   0.000000E+00     1
  0.630946E+01  -0.738674E+00   0.296209E+01   0.000000E+00   0.000000E+00   0.000000E+00     1
  0.225733E+01   0.954757E+00   0.235449E+01   0.000000E+00   0.000000E+00   0.000000E+00     1
  0.103948E+02   0.746591E+00   0.297619E+01   0.000000E+00   0.000000E+00   0.000000E+00     1
  0.309165E+01   0.332515E+00   0.244275E+01   0.000000E+00   0.000000E+00   0.000000E+00     1
  0.112233E+02  -0.929884E+00   0.293082E+01   0.000000E+00   0.000000E+00   0.000000E+00     1
  0.107894E+02   0.110320E+00   0.111751E+01   0.000000E+00   0.000000E+00   0.000000E+00     1
  0.598740E+01   0.708618E+00   0.205587E+01   0.000000E+00   0.000000E+00   0.000000E+00     1
  0.780846E+01  -0.635513E+00   0.107568E+01   0.000000E+00   0.000000E+00   0.000000E+00     1
  0.119267E+02   0.189686E+00   0.277480E+01   0.000000E+00   0.000000E+00   0.000000E+00     1
  0.107154E+02  -0.529617E+00   0.603684E+00   0.000000E+00   0.000000E+00   0.000000E+00     1
  0.862547E+01  -0.769915E+00   0.259412E+01   0.000000E+00   0.000000E+00   0.000000E+00     1
  0.962605E+01  -0.443535E+00   0.184184E+01   0.000000E+00   0.000000E+00   0.000000E+00     1
  0.252129E+01  -0.770103E+00   0.215681E+01   0.000000E+00   0.000000E+00   0.000000E+00     1
  0.845833E+01  -0.832475E-01   0.162684E+01   0.000000E+00   0.000000E+00   0.000000E+00     1
  0.928370E+01  -0.458641E-01   0.456265E+00   0.000000E+00   0.000000E+00   0.000000E+00     1
  0.881084E+01  -0.921180E-01   0.268856E+01   0.000000E+00   0.000000E+00   0.000000E+00     1
  0.982382E+01  -0.505720E+00   0.668541E+00   0.000000E+00   0.000000E+00   0.000000E+00     1
  0.999971E+01  -0.726711E+00   0.149386E+01   0.000000E+00   0.000000E+00   0.000000E+00     1
  0.359492E+01   0.523065E+00   0.303189E+01   0.000000E+00   0.000000E+00   0.000000E+00     1
  0.138580E+01  -0.401402E+00   0.171298E+01   0.000000E+00   0.000000E+00   0.000000E+00     1
  0.884676E+01  -0.372604E+00   0.295905E+01   0.000000E+00   0.000000E+00   0.000000E+00     1
  0.110913E+02   0.208574E+00   0.905372E+00   0.000000E+00   0.000000E+00   0.000000E+00     1
  0.906866E+01   0.152146E+00   0.936579E+00   0.000000E+00   0.000000E+00   0.000000E+00     1
  0.229848E+01   0.973826E+00   0.170262E+01   0.000000E+00   0.000000E+00   0.000000E+00     1
  0.623284E+01  -0.397275E+00   0.106550E+01   0.000000E+00   0.000000E+00   0.000000E+00     1
  0.202291E+01   0.856220E+00   0.210898E+01   0.000000E+00   0.000000E+00   0.000000E+00     1
  0.907604E+01  -0.693314E+00   0.280138E+01   0.000000E+00   0.000000E+00   0.000000E+00     1
  0.560323E+01   0.309437E+00   0.125247E+01   0.000000E+00   0.000000E+00   0.000000E+00     1
  0.926194E+01  -0.662021E+00   0.201469E+01   0.000000E+00   0.000000E+00   0.000000E+00     1
  0.102618E+02   0.840703E+00   0.777759E+00   0.000000E+00   0.000000E+00   0.000000E+00     1
  0.245363E+01   0.316627E+00   0.240063E+01   0.000000E+00   0.000000E+00   0.000000E+00     1
  0.679471E+00  -0.578012E+00   0.298310E+01   0.000000E+00   0.000000E+00   0.000000E+00     1
  0.262599E+01  -0.400225E+00   0.109756E+01   0.000000E+00   0.000000E+00   0.000000E+00     1
  0.110220E+02  -0.227681E+00   0.286219E+00   0.000000E+00   0.000000E+00   0.000000E+00     1
  0.427990E+01  -0.957594E+00   0.608947E+00   0.000000E+00   0.000000E+00   0.000000E+00     1
  0.828375E+01  -0.734236E-01   0.289389E+01   0.000000E+00   0.000000E+00   0.000000E+00     1
  0.546196E+01  -0.631323E+00   0.182396E+01   0.000000E+00   0.000000E+00   0.000000E+00     1
  0.672169E+01  -0.138604E+00   0.283463E+01   0.000000E+00   0.000000E+00   0.000000E+00     1
  0.355748E+01  -0.990407E+00   0.216142E+01   0.000000E+00   0.000000E+00   0.000000E+00     1
  0.403616E+01  -0.742546E+00   0.176702E+00   0.000000E+00   0.000000E+00   0.000000E+00     1
  0.541887E+01   0.329729E+00   0.445297E-01   0.000000E+00   0.000000E+00   0.000000E+00     1
  0.338489E+01   0.457612E+00   0.106164E+01   0.000000E+00   0.000000E+00   0.000000E+00     1
  0.528854E+01  -0.546418E-01   0.272544E+01   0.000000E+00   0.000000E+00   0.000000E+00     1
  0.677350E+01   0.543465E+00   0.252798E+01   0.000000E+00   0.000000E+00   0.000000E+00     1
  0.259817E+01  -0.882672E+00   0.229322E+01   0.000000E+00   0.000000E+00   0.000000E+00     1
  0.492852E+01  -0.858515E+00   0.847827E+00   0.000000E+00   0.000000E+00   0.000000E+00     1
  0.220242E+01   0.814054E+00   0.189805E+01   0.000000E+00   0.000000E+00   0.000000E+00     1
  0.625275E-01  -0.509633E+00   0.140965E+01   0.000000E+00   0.000000E+00   0.000000E+00     1
  0.876380E+01   0.320724E+00   0.153405E+01   0.000000E+00   0.000000E+00   0.000000E+00     1
  0.408567E+01   0.217459E+00   0.177699E+01   0.000000E+00   0.000000E+00   0.000000E+00     1
  0.438514E+01  -0.778690E+00   0.184705E+01   0.000000E+00   0.000000E+00   0.000000E+00     1
  0.113858E+02   0.211167E+00   0.153181E+01   0.000000E+00   0.000000E+00   0.000000E+00     1
  0.379431E+00  -0.435677E+00   0.174125E+01   0.000000E+00   0.000000E+00   0.000000E+00     1
  0.552461E+01   0.889342E+00   0.109165E+01   0.000000E+00   0.000000E+00   0.000000E+00     1
  0.799060E+01   0.869998E-01   0.740544E-01   0.000000E+00   0.000000E+00   0.000000E+00     1
  0.549913E+00   0.699452E+00   0.249326E+01   0.000000E+00   0.000000E+00   0.000000E+00     1
  0.283513E+01  -0.357777E+00   0.185910E+00   0.000000E+00   0.000000E+00   0.000000E+00     1
  0.243878E+01  -0.688579E+00   0.309221E+01   0.000000E+00   0.000000E+00   0.000000E+00     1
  0.109926E+02   0.896391E+00   0.282603E+01   0.000000E+00   0.000000E+00   0.000000E+00     1
  0.109665E+02  -0.406266E+00   0.875859E+00   0.000000E+00   0.000000E+00   0.000000E+00     1
  0.109268E+02   0.207371E-01   0.169474E+01   0.000000E+00   0.000000E+00   0.000000E+00     1
  0.577153E+01  -0.789175E-01   0.758808E+00   0.000000E+00   0.000000E+00   0.000000E+00     1
  0.408102E+01  -0.205176E-01   0.835759E+00   0.000000E+00   0.000000E+00   0.000000E+00     1
  0.747505E+00  -0.220518E+00   0.197985E+01   0.000000E+00   0.000000E+00   0.000000E+00     1
  0.108726E+01   0.628482E+00   0.310263E+01   0.000000E+00   0.000000E+00   0.000000E+00     1
  0.925295E+01   0.337924E+00   0.233709E+01   0.000000E+00   0.000000E+00   0.000000E+00     1
  0.995878E+01   0.633599E+00   0.112846E+01   0.000000E+00   0.000000E+00   0.000000E+00     1
  0.373815E+01   0.492848E+00   0.127170E+01   0.000000E+00   0.000000E+00   0.000000E+00     1
  0.677963E+01   0.920228E-01   0.295946E+01   0.000000E+00   0.000000E+00   0.000000E+00     1
  0.909183E+01   0.428134E+00   0.104540E+01   0.000000E+00   0.000000E+00   0.000000E+00     1
  0.100065E+02   0.480120E-01   0.778432E+00   0.000000E+00   0.000000E+00   0.000000E+00     1
  0.979926E+01   0.793068E-01   0.629276E+00   0.000000E+00   0.000000E+00   0.000000E+00     1
  0.176993E+01  -0.343144E+00   0.405808E+00   0.000000E+00   0.000000E+00   0.000000E+00     1
  0.896152E+01  -0.354987E+00   0.100854E+01   0.000000E+00   0.000000E+00   0.000000E+00     1
  0.420814E+01   0.873840E-01   0.163647E+01   0.000000E+00   0.000000E+00   0.000000E+00     1
  0.578558E+01  -0.702648E+00   0.155734E+01   0.000000E+00   0.000000E+00   0.000000E+00     1
  0.347523E+01   0.734941E+00   0.244808E+01   0.000000E+00   0.000000E+00   0.000000E+00     1
  0.105728E+02   0.447091E+00   0.228640E+01   0.000000E+00   0.000000E+00   0.000000E+00     1
  0.115534E+02  -0.424365E-01   0.382050E+00   0.000000E+00   0.000000E+00   0.000000E+00     1
  0.681830E+01  -0.421564E+00   0.113100E+01   0.000000E+00   0.000000E+00   0.000000E+00     1
  0.295882E+01   0.215945E+00   0.124225E+01   0.000000E+00   0.000000E+00   0.000000E+00     1
  0.721701E+01  -0.298668E+00   0.211972E+01   0.000000E+00   0.000000E+00   0.000000E+00     1
  0.165872E+01  -0.551341E+00   0.394894E-01   0.000000E+00   0.000000E+00   0.000000E+00     1
  0.901046E+01   0.426955E+00   0.796323E+00   0.000000E+00   0.000000E+00   0.000000E+00     1
  0.854238E+01   0.755273E+00   0.154596E+01   0.000000E+00   0.000000E+00   0.000000E+00     1
  0.609329E+01   0.278178E+00   0.171204E+01   0.000000E+00   0.000000E+00   0.000000E+00     1
  0.158225E+01  -0.896563E+00   0.131174E+01   0.000000E+00   0.000000E+00   0.000000E+00     1
  0.230743E+01   0.224219E-01   0.855977E+00   0.000000E+00   0.000000E+00   0.000000E+00     1
  0.734020E+01  -0.883521E-01   0.421575E+00   0.000000E+00   0.000000E+00   0.000000E+00     1
  0.904083E+01  -0.669186E+00   0.270896E+01   0.000000E+00   0.000000E+00   0.000000E+00     1
  0.117240E+01   0.616722E+00   0.225647E+01   0.000000E+00   0.000000E+00   0.000000E+00     1
  0.102977E+02  -0.149523E+00   0.109282E+01   0.000000E+00   0.000000E+00   0.000000E+00     1
  0.236178E+01  -0.632414E+00   0.242787E+01   0.000000E+00   0.000000E+00   0.000000E+00     1
  0.114561E+00  -0.343334E+00   0.277974E+01   0.000000E+00   0.000000E+00   0.000000E+00     1
  0.337434E+01   0.260446E+00   0.208196E+01   0.000000E+00   0.000000E+00   0.000000E+00     1
  0.118052E+02   0.627410E+00   0.168423E+01   0.000000E+00   0.000000E+00   0.000000E+00     1
  0.924064E+01   0.247160E+00   0.147483E+01   0.000000E+00   0.000000E+00   0.000000E+00     1
  0.289995E+01   0.678722E+00   0.166243E+01   0.000000E+00   0.000000E+00   0.000000E+00     1
  0.100733E+01   0.731787E+00   0.100553E+01   0.000000E+00   0.000000E+00   0.000000E+00     1
  0.655599E+01   0.120449E+00   0.175866E+01   0.000000E+00   0.000000E+00   0.000000E+00     1
  0.563761E+01   0.932374E+00   0.173759E+01   0.000000E+00   0.000000E+00   0.000000E+00     1
  0.396937E+01  -0.825692E+00   0.243749E+01   0.000000E+00   0.000000E+00   0.000000E+00     1
  0.124406E+02  -0.406034E+00   0.136858E+01   0.000000E+00   0.000000E+00   0.000000E+00     1
  0.304744E+01  -0.131093E+00   0.224975E+01   0.000000E+00   0.000000E+00   0.000000E+00     1
  0.767228E+01  -0.573810E+00   0.283419E+01   0.000000E+00   0.000000E+00   0.000000E+00     1
  0.306539E+01   0.257597E+00   0.861985E+00   0.000000E+00   0.000000E+00   0.000000E+00     1
  0.675189E+01  -0.659438E+00   0.394170E+00   0.000000E+00   0.000000E+00   0.000000E+00     1
  0.123075E+02   0.966763E+00   0.998651E+00   0.000000E+00   0.000000E+00   0.000000E+00     1
  0.609442E+01  -0.797861E+00   0.186974E+01   0.000000E+00   0.000000E+00   0.000000E+00     1
  0.101179E+02   0.181542E+00   0.257654E+01   0.000000E+00   0.000000E+00   0.000000E+00     1
  0.660872E+01   0.331620E+00   0.240453E+01   0.000000E+00   0.000000E+00   0.000000E+00     1
  0.795180E+00   0.451840E+00   0.303921E+01   0.000000E+00   0.000000E+00   0.000000E+00     1
  0.670385E+01  -0.899905E+00   0.139652E+01   0.000000E+00   0.000000E+00   0.000000E+00     1
  0.748391E+01   0.785228E+00   0.166447E+01   0.000000E+00   0.000000E+00   0.000000E+00     1
  0.862692E+00   0.609715E+00   0.194950E+01   0.000000E+00   0.000000E+00   0.000000E+00     1
  0.101038E+02   0.252845E-02   0.292665E+01   0.000000E+00   0.000000E+00   0.000000E+00     1
  0.120610E+02  -0.634193E+00   0.205455E+01   0.000000E+00   0.000000E+00   0.000000E+00     1
  0.408797E+00  -0.175219E+00   0.278470E+01   0.000000E+00   0.000000E+00   0.000000E+00     1
  0.303372E+01  -0.972770E+00   0.117492E+01   0.000000E+00   0.000000E+00   0.000000E+00     1
  0.895236E+01  -0.625753E-01   0.223399E+01   0.000000E+00   0.000000E+00   0.000000E+00     1
  0.263753E+01   0.651408E+00   0.921510E-01   0.000000E+00   0.000000E+00   0.000000E+00     1
  0.310049E+01   0.700263E+00   0.337478E+00   0.000000E+00   0.000000E+00   0.000000E+00     1
  0.596184E+01   0.751486E+00   0.231303E+01   0.000000E+00   0.000000E+00   0.000000E+00     1
  0.575691E+01   0.904734E+00   0.255974E+01   0.000000E+00   0.000000E+00   0.000000E+00     1
  0.768061E+01   0.287877E+00   0.259246E+01   0.000000E+00   0.000000E+00   0.000000E+00     1
  0.752425E+01   0.739754E+00   0.285054E+01   0.000000E+00   0.000000E+00   0.000000E+00     1
  0.598308E+01   0.474726E+00   0.274023E+01   0.000000E+00   0.000000E+00   0.000000E+00     1
  0.491484E+01   0.565506E+00   0.181422E+01   0.000000E+00   0.000000E+00   0.000000E+00     1
  0.384497E+01   0.407585E+00   0.926032E+00   0.000000E+00   0.000000E+00   0.000000E+00     1
  0.837143E+01  -0.557220E+00   0.281108E+01   0.000000E+00   0.000000E+00   0.000000E+00     1
  0.605135E+01  -0.920219E+00   0.911964E+00   0.000000E+00   0.000000E+00   0.000000E+00     1
  0.524719E+01   0.128718E+00   0.122778E+01   0.000000E+00   0.000000E+00   0.000000E+00     1
  0.107795E+02  -0.331630E+00   0.615959E+00   0.000000E+00   0.000000E+00   0.000000E+00     1
  0.415003E+01   0.163549E+00   0.233401E+01   0.000000E+00   0.000000E+00   0.000000E+00     1
  0.790996E+01  -0.645816E+00   0.234817E+01   0.000000E+00   0.000000E+00   0.000000E+00     1
  0.102803E+02  -0.918761E+00   0.522204E+00   0.000000E+00   0.000000E+00   0.000000E+00     1
  0.391406E+01   0.822708E-01   0.214490E+00   0.000000E+00   0.000000E+00   0.000000E+00     1
  0.668132E-01   0.123349E+00   0.201979E+01   0.000000E+00   0.000000E+00   0.000000E+00     1
  0.572234E+01   0.582165E+00   0.146127E+01   0.000000E+00   0.000000E+00   0.000000E+00     1
  0.732936E+01   0.253857E+00   0.640086E+00   0.000000E+00   0.000000E+00   0.000000E+00     1
  0.119137E+02   0.546948E+00   0.109896E+01   0.000000E+00   0.000000E+00   0.000000E+00     1
  0.777676E+01   0.537348E+00   0.241719E+01   0.000000E+00   0.000000E+00   0.000000E+00     1
  0.884976E+00   0.282920E+00   0.171760E+01   0.000000E+00   0.000000E+00   0.000000E+00     1
  0.102536E+02   0.689469E+00   0.186764E+01   0.000000E+00   0.000000E+00   0.000000E+00     1
  0.159879E+01   0.410189E+00   0.610117E+00   0.000000E+00   0.000000E+00   0.000000E+00     1
  0.116468E+02   0.420650E+00   0.260766E+01   0.000000E+00   0.000000E+00   0.000000E+00     1
  0.124479E+02  -0.264062E+00   0.322657E+00   0.000000E+00   0.000000E+00   0.000000E+00     1
  0.124417E+01  -0.276203E+00   0.621353E+00   0.000000E+00   0.000000E+00   0.000000E+00     1
  0.225207E+01   0.827172E+00   0.277472E+01   0.000000E+00   0.000000E+00   0.000000E+00     1
  0.884772E+01  -0.677449E+00   0.499562E+00   0.000000E+00   0.000000E+00   0.000000E+00     1
  0.496911E+01  -0.822307E+00   0.221049E+01   0.000000E+00   0.000000E+00   0.000000E+00     1
  0.110586E+02  -0.542399E+00   0.150256E+01   0.000000E+00   0.000000E+00   0.000000E+00     1
  0.803067E+01   0.644138E+00   0.212699E+01   0.000000E+00   0.000000E+00   0.000000E+00     1
  0.734651E+01  -0.568738E+00   0.242803E+01   0.000000E+00   0.000000E+00   0.000000E+00     1
  0.906502E+01  -0.807132E+00   0.313987E+01   0.000000E+00   0.000000E+00   0.000000E+00     1
  0.241063E+01   0.218412E+00   0.256897E-01   0.000000E+00   0.000000E+00   0.000000E+00     1
  0.127537E+01  -0.781995E+00   0.580072E+00   0.000000E+00   0.000000E+00   0.000000E+00     1
  0.103000E+02  -0.839907E+00   0.154561E+01   0.000000E+00   0.000000E+00   0.000000E+00     1
  0.108936E+02   0.633162E+00   0.271761E+01   0.000000E+00   0.000000E+00   0.000000E+00     1
  0.340627E+01  -0.210131E+00   0.118515E+00   0.000000E+00   0.000000E+00   0.000000E+00     1
  0.666212E+01  -0.987965E+00   0.283712E+01   0.000000E+00   0.000000E+00   0.000000E+00     1
  0.846704E+01  -0.251325E+00   0.105264E+01   0.000000E+00   0.000000E+00   0.000000E+00     1
  0.546961E+01   0.636477E+00   0.173048E+01   0.000000E+00   0.000000E+00   0.000000E+00     1
  0.746007E+01  -0.811229E+00   0.179231E+01   0.000000E+00   0.000000E+00   0.000000E+00     1
  0.688018E+01   0.979669E+00   0.270835E+01   0.000000E+00   0.000000E+00   0.000000E+00     1
  0.289074E+01  -0.191264E+00   0.179147E+01   0.000000E+00   0.000000E+00   0.000000E+00     1
  0.809280E+01  -0.752320E+00   0.110470E+01   0.000000E+00   0.000000E+00   0.000000E+00     1
  0.105985E+01  -0.269194E+00   0.294738E+01   0.000000E+00   0.000000E+00   0.000000E+00     1
  0.566709E+01  -0.874314E+00   0.306900E+01   0.000000E+00   0.000000E+00   0.000000E+00     1
  0.531382E+01  -0.396026E+00   0.183754E+01   0.000000E+00   0.000000E+00   0.000000E+00     1
  0.113847E+02   0.132325E+00   0.192397E+00   0.000000E+00   0.000000E+00   0.000000E+00     1
  0.902404E+01  -0.358243E+00   0.202430E+01   0.000000E+00   0.000000E+00   0.000000E+00     1
  0.134266E+00  -0.551543E+00   0.280704E+01   0.000000E+00   0.000000E+00   0.000000E+00     1
  0.466450E+01   0.138443E+00   0.287726E+01   0.000000E+00   0.000000E+00   0.000000E+00     1
  0.123221E+02  -0.204813E+00   0.285179E+01   0.000000E+00   0.000000E+00   0.000000E+00     1
  0.444330E+01   0.172412E+00   0.135474E+01   0.000000E+00   0.000000E+00   0.000000E+00     1
  0.170327E+01  -0.488980E+00   0.231113E+01   0.000000E+00   0.000000E+00   0.000000E+00     1
  0.897905E+00  -0.886131E-01   0.256375E+01   0.000000E+00   0.000000E+00   0.000000E+00     1
  0.110663E+02  -0.334449E-01   0.976697E+00   0.000000E+00   0.000000E+00   0.000000E+00     1
  0.141366E+01   0.492224E+00   0.197453E+01   0.000000E+00   0.000000E+00   0.000000E+00     1
  0.114230E+02   0.209262E+00   0.825983E+00   0.000000E+00   0.000000E+00   0.000000E+00     1
  0.147607E+01  -0.547078E+00   0.168540E+01   0.000000E+00   0.000000E+00   0.000000E+00     1
  0.673629E+01   0.174710E+00   0.187074E+01   0.000000E+00   0.000000E+00   0.000000E+00     1
  0.584342E+01   0.332270E+00   0.815918E+00   0.000000E+00   0.000000E+00   0.000000E+00     1
  0.107878E+02  -0.251440E+00   0.434205E+00   0.000000E+00   0.000000E+00   0.000000E+00     1
  0.517225E+01  -0.942028E+00   0.281889E+00   0.000000E+00   0.000000E+00   0.000000E+00     1
  0.559753E+01  -0.143435E+00   0.226494E+01   0.000000E+00   0.000000E+00   0.000000E+00     1
  0.530582E+01  -0.499895E+00   0.427100E+00   0.000000E+00   0.000000E+00   0.000000E+00     1
  0.165664E+01   0.513381E+00   0.605084E+00   0.000000E+00   0.000000E+00   0.000000E+00     1
  0.333573E+01  -0.307094E+00   0.374154E+00   0.000000E+00   0.000000E+00   0.000000E+00     1
  0.348614E+01   0.330230E+00   0.578765E-01   0.000000E+00   0.000000E+00   0.000000E+00     1
  0.608744E+01  -0.428188E+00   0.745032E+00   0.000000E+00   0.000000E+00   0.000000E+00     1
  0.988904E+01   0.874839E+00   0.592573E+00   0.000000E+00   0.000000E+00   0.000000E+00     1
  0.123020E+02  -0.842317E+00   0.982835E+00   0.000000E+00   0.000000E+00   0.000000E+00     1
  0.436954E+01   0.520575E+00   0.634998E+00   0.000000E+00   0.000000E+00   0.000000E+00     1
  0.121746E+02  -0.216925E+00   0.111385E+01   0.000000E+00   0.000000E+00   0.000000E+00     1
  0.177491E+01   0.139494E+00   0.296813E+01   0.000000E+00   0.000000E+00   0.000000E+00     1
  0.101189E+02  -0.891855E+00   0.118692E+01   0.000000E+00   0.000000E+00   0.000000E+00     1
  0.661842E+01  -0.522337E+00   0.247198E+01   0.000000E+00   0.000000E+00   0.000000E+00     1
  0.782586E+01   0.441718E+00   0.176673E+01   0.000000E+00   0.000000E+00   0.000000E+00     1
  0.627573E+01   0.926184E+00   0.842156E+00   0.000000E+00   0.000000E+00   0.000000E+00     1
  0.108278E+02  -0.494000E+00   0.237110E+00   0.000000E+00   0.000000E+00   0.000000E+00     1
  0.614459E+01  -0.475610E+00   0.109416E+01   0.000000E+00   0.000000E+00   0.000000E+00     1
  0.371708E+01  -0.843375E+00   0.519351E+00   0.000000E+00   0.000000E+00   0.000000E+00     1
  0.108391E+02  -0.516128E+00   0.242206E+00   0.000000E+00   0.000000E+00   0.000000E+00     1
  0.540624E+01   0.559192E+00   0.948273E+00   0.000000E+00   0.000000E+00   0.000000E+00     1
  0.263925E+01   0.675609E+00   0.877044E+00   0.000000E+00   0.000000E+00   0.000000E+00     1
  0.655291E+01   0.526178E+00   0.262486E+01   0.000000E+00   0.000000E+00   0.000000E+00     1
  0.513406E+01  -0.451828E+00   0.171586E+01   0.000000E+00   0.000000E+00   0.000000E+00     1
  0.481699E+01   0.394456E+00   0.132006E+01   0.000000E+00   0.000000E+00   0.000000E+00     1
  0.551996E+00  -0.533605E-01   0.226811E+01   0.000000E+00   0.000000E+00   0.000000E+00     1
  0.106471E+02  -0.592218E+00   0.295354E+01   0.000000E+00   0.000000E+00   0.000000E+00     1
  0.727466E+01  -0.360339E+00   0.892758E-01   0.000000E+00   0.000000E+00   0.000000E+00     1
  0.935562E+01   0.519318E+00   0.718350E-01   0.000000E+00   0.000000E+00   0.000000E+00     1
  0.579637E-01   0.816713E+00   0.276726E+01   0.000000E+00   0.000000E+00   0.000000E+00     1
  0.217140E+01  -0.858048E+00   0.143817E+01   0.000000E+00   0.000000E+00   0.000000E+00     1
  0.573440E+01   0.726223E+00   0.283819E+01   0.000000E+00   0.000000E+00   0.000000E+00     1
  0.622365E+01  -0.898119E+00   0.676557E+00   0.000000E+00   0.000000E+00   0.000000E+00     1
  0.131346E+01  -0.593469E+00   0.480729E+00   0.000000E+00   0.000000E+00   0.000000E+00     1
  0.882713E+01  -0.482322E+00   0.302586E+01   0.000000E+00   0.000000E+00   0.000000E+00     1
  0.479766E+01   0.345692E+00   0.521120E+00   0.000000E+00   0.000000E+00   0.000000E+00     1
  0.394386E+01   0.766979E+00   0.725157E+00   0.000000E+00   0.000000E+00   0.000000E+00     1
  0.826763E+01   0.331913E-01   0.308746E+01   0.000000E+00   0.000000E+00   0.000000E+00     1
  0.330576E+01  -0.907003E+00   0.127870E+01   0.000000E+00   0.000000E+00   0.000000E+00     1
  0.191710E+00  -0.588442E-01   0.115497E+01   0.000000E+00   0.000000E+00   0.000000E+00     1
  0.439046E+01  -0.262915E+00   0.288319E+01   0.000000E+00   0.000000E+00   0.000000E+00     1
  0.683543E+01   0.549873E+00   0.212270E+01   0.000000E+00   0.000000E+00   0.000000E+00     1
  0.117537E+02   0.137111E+00   0.163007E+01   0.000000E+00   0.000000E+00   0.000000E+00     1
  0.946121E+01  -0.876222E+00   0.156319E+01   0.000000E+00   0.000000E+00   0.000000E+00     1
  0.972031E+01  -0.922226E+00   0.119438E+01   0.000000E+00   0.000000E+00   0.000000E+00     1
  0.277126E+01   0.347235E+00   0.171761E+01   0.000000E+00   0.000000E+00   0.000000E+00     1
  0.491106E+01  -0.909773E+00   0.511908E+00   0.000000E+00   0.000000E+00   0.000000E+00     1
  0.553049E+01  -0.494932E+00   0.121570E+01   0.000000E+00   0.000000E+00   0.000000E+00     1
  0.783258E+01   0.424635E+00   0.145354E+01   0.000000E+00   0.000000E+00   0.000000E+00     1
  0.458047E+01  -0.720227E+00   0.790985E+00   0.000000E+00   0.000000E+00   0.000000E+00     1
  0.110945E+02  -0.849746E+00   0.179110E+01   0.000000E+00   0.000000E+00   0.000000E+00     1
  0.202157E+01   0.276403E+00   0.768513E+00   0.000000E+00   0.000000E+00   0.000000E+00     1
  0.118448E+02   0.402495E+00   0.295515E+01   0.000000E+00   0.000000E+00   0.000000E+00     1
  0.598992E+01   0.363473E+00   0.289015E+00   0.000000E+00   0.000000E+00   0.000000E+00     1
  0.716486E+01  -0.878542E+00   0.194072E+01   0.000000E+00   0.000000E+00   0.000000E+00     1
  0.277274E+01   0.787094E+00   0.291505E+01   0.000000E+00   0.000000E+00   0.000000E+00     1
  0.506151E+01  -0.336442E+00   0.309001E+01   0.000000E+00   0.000000E+00   0.000000E+00     1
  0.100009E+00  -0.686756E+00   0.174839E+01   0.000000E+00   0.000000E+00   0.000000E+00     1
  0.844036E+01  -0.548872E+00   0.648529E+00   0.000000E+00   0.000000E+00   0.000000E+00     1
  0.822397E+00  -0.476588E+00   0.256059E+01   0.000000E+00   0.000000E+00   0.000000E+00     1
  0.168344E+01   0.455912E+00   0.962252E+00   0.000000E+00   0.000000E+00   0.000000E+00     1
  0.792685E+01  -0.641099E+00   0.326900E+00   0.000000E+00   0.000000E+00   0.000000E+00     1
  0.615849E+01   0.364700E+00   0.491491E+00   0.000000E+00   0.000000E+00   0.000000E+00     1
  0.147040E+01   0.694161E+00   0.128600E+01   0.000000E+00   0.000000E+00   0.000000E+00     1
  0.818151E+00  -0.223100E+00   0.285803E+01   0.000000E+00   0.000000E+00   0.000000E+00     1
  0.112466E+02   0.200129E+00   0.174920E+01   0.000000E+00   0.000000E+00   0.000000E+00     1
  0.719817E+01  -0.632593E+00   0.197105E+01   0.000000E+00   0.000000E+00   0.000000E+00     1
  0.516913E+01  -0.878703E-01   0.185915E+01   0.000000E+00   0.000000E+00   0.000000E+00     1
  0.367385E+01   0.422148E+00   0.677353E+00   0.000000E+00   0.000000E+00   0.000000E+00     1
  0.611973E+01  -0.355419E+00   0.149051E+01   0.000000E+00   0.000000E+00   0.000000E+00     1
  0.539839E+00  -0.545278E+00   0.138223E+01   0.000000E+00   0.000000E+00   0.000000E+00     1
  0.790073E+01  -0.705128E+00   0.235483E+01   0.000000E+00   0.000000E+00   0.000000E+00     1
  0.238333E+00  -0.266935E+00   0.673719E+00   0.000000E+00   0.000000E+00   0.000000E+00     1
  0.274940E+01  -0.625134E+00   0.136981E+01   0.000000E+00   0.000000E+00   0.000000E+00     1
  0.999435E+01  -0.241739E+00   0.121593E+01   0.000000E+00   0.000000E+00   0.000000E+00     1
  0.487735E+01   0.253813E+00   0.277181E+01   0.000000E+00   0.000000E+00   0.000000E+00     1
  0.738498E+01   0.370877E+00   0.306088E+01   0.000000E+00   0.000000E+00   0.000000E+00     1
  0.607416E+00   0.960418E+00   0.615035E+00   0.000000E+00   0.000000E+00   0.000000E+00     1
  0.283605E+01   0.460996E+00   0.296543E+01   0.000000E+00   0.000000E+00   0.000000E+00     1
  0.391311E+01   0.740127E+00   0.735548E+00   0.000000E+00   0.000000E+00   0.000000E+00     1
  0.516537E+01   0.681048E+00   0.186168E+01   0.000000E+00   0.000000E+00   0.000000E+00     1
  0.393914E+01   0.278811E+00   0.242804E+01   0.000000E+00   0.000000E+00   0.000000E+00     1
  0.863835E+01  -0.257174E+00   0.235106E+01   0.000000E+00   0.000000E+00   0.000000E+00     1
  0.603187E+01  -0.625996E+00   0.398259E-01   0.000000E+00   0.000000E+00   0.000000E+00     1
  0.934201E+01   0.860519E+00   0.342129E+00   0.000000E+00   0.000000E+00   0.000000E+00     1
  0.194789E+01   0.310338E+00   0.336737E+00   0.000000E+00   0.000000E+00   0.000000E+00     1
  0.111513E+01  -0.310171E+00   0.243582E+01   0.000000E+00   0.000000E+00   0.000000E+00     1
  0.496378E+01  -0.943943E+00   0.542354E+00   0.000000E+00   0.000000E+00   0.000000E+00     1
  0.828420E+01   0.344032E+00   0.148542E+01   0.000000E+00   0.000000E+00   0.000000E+00     1
  0.565296E+01  -0.733501E+00   0.116548E+01   0.000000E+00   0.000000E+00   0.000000E+00     1
  0.663178E+01  -0.835221E+00   0.234433E+01   0.000000E+00   0.000000E+00   0.000000E+00     1
  0.281933E+00  -0.717055E+00   0.176689E+01   0.000000E+00   0.000000E+00   0.000000E+00     1
  0.619831E+01  -0.851484E+00   0.625751E+00   0.000000E+00   0.000000E+00   0.000000E+00     1
  0.665550E+01   0.590977E+00   0.263756E+01   0.000000E+00   0.000000E+00   0.000000E+00     1
  0.305748E+01  -0.970875E+00   0.236489E+01   0.000000E+00   0.000000E+00   0.000000E+00     1
  0.990234E+01  -0.802155E+00   0.318403E+00   0.000000E+00   0.000000E+00   0.000000E+00     1
  0.548631E+01  -0.400151E+00   0.961924E+00   0.000000E+00   0.000000E+00   0.000000E+00     1
  0.103084E+02  -0.982211E+00   0.186405E+01   0.000000E+00   0.000000E+00   0.000000E+00     1
  0.289658E+00  -0.964589E+00   0.107300E+01   0.000000E+00   0.000000E+00   0.000000E+00     1
  0.632709E+01  -0.245007E+00   0.772611E+00   0.000000E+00   0.000000E+00   0.000000E+00     1
  0.164965E+01   0.940501E+00   0.177355E+01   0.000000E+00   0.000000E+00   0.000000E+00     1
  0.112681E+02   0.605738E+00   0.214963E+01   0.000000E+00   0.000000E+00   0.000000E+00     1
  0.280256E+01  -0.952621E+00   0.218111E+01   0.000000E+00   0.000000E+00   0.000000E+00     1
  0.235501E+01  -0.926010E+00   0.304857E+01   0.000000E+00   0.000000E+00   0.000000E+00     1
  0.689933E+01   0.882910E+00   0.147897E+01   0.000000E+00   0.000000E+00   0.000000E+00     1
  0.654434E+01   0.938404E+00   0.283751E+01   0.000000E+00   0.000000E+00   0.000000E+00     1
  0.402965E+01   0.292508E-01   0.182062E+01   0.000000E+00   0.000000E+00   0.000000E+00     1
  0.839921E+01   0.435107E+00   0.211518E+01   0.000000E+00   0.000000E+00   0.000000E+00     1
  0.111529E+02   0.736242E+00   0.182115E+01   0.000000E+00   0.000000E+00   0.000000E+00     1
  0.242757E+01  -0.638896E+00   0.620308E-01   0.000000E+00   0.000000E+00   0.000000E+00     1
  0.123693E+01  -0.273107E+00   0.594183E+00   0.000000E+00   0.000000E+00   0.000000E+00     1
  0.223244E+01  -0.211945E+00   0.157846E+01   0.000000E+00   0.000000E+00   0.000000E+00     1
  0.116623E+02  -0.121807E-02   0.230402E+00   0.000000E+00   0.000000E+00   0.000000E+00     1
  0.512110E+01  -0.462244E+00   0.533369E+00   0.000000E+00   0.000000E+00   0.000000E+00     1
  0.280065E+01   0.322297E+00   0.694444E+00   0.000000E+00   0.000000E+00   0.000000E+00     1
  0.145961E+01  -0.317235E+00   0.139612E+01   0.000000E+00   0.000000E+00   0.000000E+00     1
  0.121131E+02  -0.813095E+00   0.278708E+01   0.000000E+00   0.000000E+00   0.000000E+00     1
  0.803459E+01  -0.745640E+00   0.285812E+01   0.000000E+00   0.000000E+00   0.000000E+00     1
  0.501947E+01   0.561592E+00   0.135199E+01   0.000000E+00   0.000000E+00   0.000000E+00     1
  0.630852E+01   0.371225E+00   0.196319E+01   0.000000E+00   0.000000E+00   0.000000E+00     1
  0.894555E+01  -0.444241E+00   0.604638E+00   0.000000E+00   0.000000E+00   0.000000E+00     1
  0.111262E+02   0.254720E+00   0.227168E+00   0.000000E+00   0.000000E+00   0.000000E+00     1
  0.923299E+01   0.489275E-01   0.288631E+01   0.000000E+00   0.000000E+00   0.000000E+00     1
  0.433774E+01  -0.754847E+00   0.266512E+01   0.000000E+00   0.000000E+00   0.000000E+00     1
  0.885606E+01  -0.100166E+00   0.163785E+01   0.000000E+00   0.000000E+00   0.000000E+00     1
  0.359186E+01  -0.741576E+00   0.328995E+00   0.000000E+00   0.000000E+00   0.000000E+00     1
  0.836781E+01  -0.141738E+00   0.240543E+01   0.000000E+00   0.000000E+00   0.000000E+00     1
  0.740292E+01  -0.737536E+00   0.148728E+01   0.000000E+00   0.000000E+00   0.000000E+00     1
  0.886538E+01   0.287049E+00   0.251825E-01   0.000000E+00   0.000000E+00   0.000000E+00     1
  0.745741E+01   0.545456E+00   0.263439E+01   0.000000E+00   0.000000E+00   0.000000E+00     1
  0.979807E+01   0.287317E+00   0.191214E+01   0.000000E+00   0.000000E+00   0.000000E+00     1
  0.110410E+02  -0.946605E+00   0.177964E+01   0.000000E+00   0.000000E+00   0.000000E+00     1
  0.832419E+01   0.278353E-01   0.156850E+01   0.000000E+00   0.000000E+00   0.000000E+00     1
  0.314086E+01  -0.213875E+00   0.154861E+01   0.000000E+00   0.000000E+00   0.000000E+00     1
  0.592377E+01  -0.827963E+00   0.217760E+01   0.000000E+00   0.000000E+00   0.000000E+00     1
  0.100170E+02  -0.224041E+00   0.240320E+01   0.000000E+00   0.000000E+00   0.000000E+00     1
  0.114085E+02  -0.120070E+00   0.847557E+00   0.000000E+00   0.000000E+00   0.000000E+00     1
  0.104646E+02  -0.880265E+00   0.854988E+00   0.000000E+00   0.000000E+00   0.000000E+00     1
  0.571483E+01  -0.223466E+00   0.277468E+01   0.000000E+00   0.000000E+00   0.000000E+00     1
  0.524131E+01   0.245543E+00   0.775340E+00   0.000000E+00   0.000000E+00   0.000000E+00     1
  0.264400E+01  -0.968975E+00   0.243512E+01   0.000000E+00   0.000000E+00   0.000000E+00     1
  0.358203E+01   0.371522E+00   0.235335E+01   0.000000E+00   0.000000E+00   0.000000E+00     1
  0.348345E+01  -0.206746E+00   0.197792E+01   0.000000E+00   0.000000E+00   0.000000E+00     1
  0.118755E+02   0.945690E+00   0.201292E+01   0.000000E+00   0.000000E+00   0.000000E+00     1
  0.536451E+01  -0.234940E+00   0.288525E+01   0.000000E+00   0.000000E+00   0.000000E+00     1
  0.679923E+00   0.551848E+00   0.659391E+00   0.000000E+00   0.000000E+00   0.000000E+00     1
  0.130820E+01  -0.662119E+00   0.120710E+01   0.000000E+00   0.000000E+00   0.000000E+00     1
  0.150171E+01  -0.153549E+00   0.145055E+01   0.000000E+00   0.000000E+00   0.000000E+00     1
  0.205650E+01   0.233168E+00   0.130967E+01   0.000000E+00   0.000000E+00   0.000000E+00     1
  0.488593E+01   0.621286E+00   0.246206E+01   0.000000E+00   0.000000E+00   0.000000E+00     1
  0.923461E+01  -0.699749E+00   0.143408E+01   0.000000E+00   0.000000E+00   0.000000E+00     1
  0.771000E+01  -0.634666E+00   0.205635E+01   0.000000E+00   0.000000E+00   0.000000E+00     1
  0.101105E+02   0.305739E+00   0.328408E+00   0.000000E+00   0.000000E+00   0.000000E+00     1
  0.753554E+01   0.758592E+00   0.555308E+00   0.000000E+00   0.000000E+00   0.000000E+00     1
  0.349780E+00  -0.566723E+00   0.240344E+01   0.000000E+00   0.000000E+00   0.000000E+00     1
  0.462838E+01   0.155502E+00   0.174302E+01   0.000000E+00   0.000000E+00   0.000000E+00     1
  0.735079E+01   0.345618E+00   0.226900E+01   0.000000E+00   0.000000E+00   0.000000E+00     1
  0.447460E+01  -0.512773E+00   0.174844E+01   0.000000E+00   0.000000E+00   0.000000E+00     1
  0.848842E+01   0.432571E+00   0.272965E+01   0.000000E+00   0.000000E+00   0.000000E+00     1
  0.824652E+00   0.456430E+00   0.428905E+00   0.000000E+00   0.000000E+00   0.000000E+00     1
  0.124036E+02   0.211313E-01   0.102627E+01   0.000000E+00   0.000000E+00   0.000000E+00     1
  0.111705E+02   0.942404E+00   0.197993E+00   0.000000E+00   0.000000E+00   0.000000E+00     1
  0.990731E+01  -0.396862E+00   0.264223E+01   0.000000E+00   0.000000E+00   0.000000E+00     1
  0.276133E+01  -0.439908E+00   0.252170E+01   0.000000E+00   0.000000E+00   0.000000E+00     1
  0.848176E+01   0.430746E-01   0.711507E+00   0.000000E+00   0.000000E+00   0.000000E+00     1
  0.698898E+01   0.459460E+00   0.340626E+00   0.000000E+00   0.000000E+00   0.000000E+00     1
  0.118127E+02   0.672642E+00   0.311520E+01   0.000000E+00   0.000000E+00   0.000000E+00     1
  0.117009E+02   0.749669E+00   0.610419E+00   0.000000E+00   0.000000E+00   0.000000E+00     1
  0.500652E+01  -0.215768E+00   0.307988E+00   0.000000E+00   0.000000E+00   0.000000E+00     1
  0.975332E+01  -0.401722E+00   0.152303E+01   0.000000E+00   0.000000E+00   0.000000E+00     1
  0.112218E+01  -0.778133E+00   0.238463E+00   0.000000E+00   0.000000E+00   0.000000E+00     1
  0.949364E+01  -0.749783E+00   0.291662E+01   0.000000E+00   0.000000E+00   0.000000E+00     1
  0.255529E+01   0.570842E+00   0.962897E+00   0.000000E+00   0.000000E+00   0.000000E+00     1
  0.748690E+01   0.920924E+00   0.162146E+01   0.000000E+00   0.000000E+00   0.000000E+00     1
  0.101145E+02   0.323376E+00   0.337478E+00   0.000000E+00   0.000000E+00   0.000000E+00     1
  0.969377E+01  -0.219051E+00   0.157295E+01   0.000000E+00   0.000000E+00   0.000000E+00     1
  0.908553E+01  -0.576330E+00   0.189411E+01   0.000000E+00   0.000000E+00   0.000000E+00     1
  0.708765E+01   0.605301E+00   0.235085E+01   0.000000E+00   0.000000E+00   0.000000E+00     1
  0.984501E+01   0.267194E+00   0.153971E+01   0.000000E+00   0.000000E+00   0.000000E+00     1
  0.970548E+01  -0.903711E+00   0.155122E+01   0.000000E+00   0.000000E+00   0.000000E+00     1
  0.115750E+02   0.198808E+00   0.292016E+01   0.000000E+00   0.000000E+00   0.000000E+00     1
  0.222079E+01  -0.807952E+00   0.285795E+01   0.000000E+00   0.000000E+00   0.000000E+00     1
  0.742914E+01   0.490196E+00   0.833741E+00   0.000000E+00   0.000000E+00   0.000000E+00     1
  0.143562E+01   0.379209E-01   0.266526E+01   0.000000E+00   0.000000E+00   0.000000E+00     1
  0.426704E+01  -0.310212E+00   0.273834E+01   0.000000E+00   0.000000E+00   0.000000E+00     1
  0.112772E+02  -0.766304E+00   0.301019E+00   0.000000E+00   0.000000E+00   0.000000E+00     1
  0.721509E+01  -0.378475E-01   0.976042E+00   0.000000E+00   0.000000E+00   0.000000E+00     1
  0.123632E+02   0.701454E+00   0.709969E+00   0.000000E+00   0.000000E+00   0.000000E+00     1
  0.774830E+01   0.562845E+00   0.204132E+01   0.000000E+00   0.000000E+00   0.000000E+00     1
  0.323714E+01   0.279015E+00   0.154015E+01   0.000000E+00   0.000000E+00   0.000000E+00     1
  0.286451E+01  -0.363751E+00   0.845055E+00   0.000000E+00   0.000000E+00   0.000000E+00     1
  0.475002E+01  -0.213120E+00   0.305760E+01   0.000000E+00   0.000000E+00   0.000000E+00     1
  0.653877E+00   0.533471E+00   0.168529E+01   0.000000E+00   0.000000E+00   0.000000E+00     1
  0.774204E+01   0.628178E+00   0.218905E+01   0.000000E+00   0.000000E+00   0.000000E+00     1
  0.608616E+01  -0.676241E+00   0.306165E+01   0.000000E+00   0.000000E+00   0.000000E+00     1
  0.417625E+01   0.865236E-01   0.168362E+01   0.000000E+00   0.000000E+00   0.000000E+00     1
  0.544307E+01  -0.259135E-01   0.270174E+01   0.000000E+00   0.000000E+00   0.000000E+00     1
  0.294918E+01  -0.541952E+00   0.165558E+01   0.000000E+00   0.000000E+00   0.000000E+00     1
  0.116082E+02  -0.819703E+00   0.118532E+01   0.000000E+00   0.000000E+00   0.000000E+00     1
  0.104917E+02  -0.688691E+00   0.297709E+01   0.000000E+00   0.000000E+00   0.000000E+00     1
  0.292910E+01   0.623769E+00   0.651621E+00   0.000000E+00   0.000000E+00   0.000000E+00     1
  0.819627E+01  -0.897092E+00   0.273954E+01   0.000000E+00   0.000000E+00   0.000000E+00     1
  0.186823E+01  -0.895712E+00   0.291419E+01   0.000000E+00   0.000000E+00   0.000000E+00     1
  0.742217E+01  -0.621992E+00   0.448406E+00   0.000000E+00   0.000000E+00   0.000000E+00     1
  0.524285E+01  -0.369189E+00   0.350084E+00   0.000000E+00   0.000000E+00   0.000000E+00     1
  0.119971E+02   0.934901E-01   0.305872E+01   0.000000E+00   0.000000E+00   0.000000E+00     1
  0.793136E+01  -0.278954E+00   0.188637E+01   0.000000E+00   0.000000E+00   0.000000E+00     1
  0.404999E+01  -0.612038E+00   0.172857E+01   0.000000E+00   0.000000E+00   0.000000E+00     1
  0.872544E+01  -0.962580E+00   0.210811E+01   0.000000E+00   0.000000E+00   0.000000E+00     1
  0.773087E+01   0.325054E+00   0.302715E+01   0.000000E+00   0.000000E+00   0.000000E+00     1
  0.108071E+02   0.718964E+00   0.271432E+01   0.000000E+00   0.000000E+00   0.000000E+00     1
  0.271243E+01   0.174225E+00   0.188124E+01   0.000000E+00   0.000000E+00   0.000000E+00     1
  0.895436E+01  -0.942529E+00   0.242717E+01   0.000000E+00   0.000000E+00   0.000000E+00     1
  0.361559E+01  -0.583991E+00   0.273728E+01   0.000000E+00   0.000000E+00   0.000000E+00     1
  0.410995E+01  -0.886636E+00   0.118026E+01   0.000000E+00   0.000000E+00   0.000000E+00     1
  0.985767E+00  -0.756958E+00   0.269257E+00   0.000000E+00   0.000000E+00   0.000000E+00     1
  0.414994E+01  -0.514695E+00   0.283341E+01   0.000000E+00   0.000000E+00   0.000000E+00     1
  0.682158E+01  -0.159280E+00   0.261453E+01   0.000000E+00   0.000000E+00   0.000000E+00     1
  0.417125E+01   0.210301E+00   0.195646E+01   0.000000E+00   0.000000E+00   0.000000E+00     1
  0.447891E+01   0.648166E+00   0.305575E+00   0.000000E+00   0.000000E+00   0.000000E+00     1
  0.851518E+01  -0.346914E+00   0.145032E+01   0.000000E+00   0.000000E+00   0.000000E+00     1
  0.751403E+01  -0.867858E+00   0.158806E+01   0.000000E+00   0.000000E+00   0.000000E+00     1
  0.111345E+02   0.784337E-02   0.249013E+01   0.000000E+00   0.000000E+00   0.000000E+00     1
  0.982070E+01  -0.617540E+00   0.165486E+01   0.000000E+00   0.000000E+00   0.000000E+00     1
  0.123181E+02  -0.382038E+00   0.172387E+01   0.000000E+00   0.000000E+00   0.000000E+00     1
  0.688267E+01   0.453535E+00   0.193175E+01   0.000000E+00   0.000000E+00   0.000000E+00     1
  0.168077E+01  -0.159629E+00   0.290241E+01   0.000000E+00   0.000000E+00   0.000000E+00     1
  0.973676E+00  -0.775833E+00   0.703114E+00   0.000000E+00   0.000000E+00   0.000000E+00     1
  0.112483E+02  -0.425126E+00   0.187906E+01   0.000000E+00   0.000000E+00   0.000000E+00     1
  0.473543E+01  -0.617708E+00   0.115787E+01   0.000000E+00   0.000000E+00   0.000000E+00     1
  0.648869E+01  -0.267955E+00   0.282783E+01   0.000000E+00   0.000000E+00   0.000000E+00     1
  0.233444E+01   0.759210E+00   0.187449E+01   0.000000E+00   0.000000E+00   0.000000E+00     1
  0.124848E+02   0.749198E-01   0.139863E+01   0.000000E+00   0.000000E+00   0.000000E+00     1
  0.554507E+01  -0.385812E+00   0.943546E+00   0.000000E+00   0.000000E+00   0.000000E+00     1
  0.409483E+00   0.255071E+00   0.458005E+00   0.000000E+00   0.000000E+00   0.000000E+00     1
  0.617310E+01   0.613287E+00   0.164924E+01   0.000000E+00   0.000000E+00   0.000000E+00     1
  0.597249E+01   0.565990E+00   0.239623E+01   0.000000E+00   0.000000E+00   0.000000E+00     1
  0.776215E+01  -0.912603E+00   0.382992E+00   0.000000E+00   0.000000E+00   0.000000E+00     1
  0.629629E+01  -0.216764E+00   0.230934E+01   0.000000E+00   0.000000E+00   0.000000E+00     1
  0.122016E+02   0.884466E+00   0.218206E+01   0.000000E+00   0.000000E+00   0.000000E+00     1
  0.478628E+01   0.475697E+00   0.107909E+01   0.000000E+00   0.000000E+00   0.000000E+00     1
  0.625038E+00   0.777479E+00   0.233698E+01   0.000000E+00   0.000000E+00   0.000000E+00     1
  0.871640E+01   0.649795E+00   0.133339E+01   0.000000E+00   0.000000E+00   0.000000E+00     1
  0.458513E+01   0.620995E+00   0.955220E+00   0.000000E+00   0.000000E+00   0.000000E+00     1
  0.109905E+02   0.306199E-02   0.854468E+00   0.000000E+00   0.000000E+00   0.000000E+00     1
  0.778325E+00  -0.334514E+00   0.289491E+00   0.000000E+00   0.000000E+00   0.000000E+00     1
  0.829041E+01   0.150535E+00   0.153045E+01   0.000000E+00   0.000000E+00   0.000000E+00     1
  0.361551E+01  -0.450592E+00   0.158408E+01   0.000000E+00   0.000000E+00   0.000000E+00     1
  0.961796E+01   0.799590E+00   0.167129E+01   0.000000E+00   0.000000E+00   0.000000E+00     1
  0.205552E+01  -0.305715E+00   0.133712E+01   0.000000E+00   0.000000E+00   0.000000E+00     1
  0.573542E+01   0.833356E+00   0.109738E+01   0.000000E+00   0.000000E+00   0.000000E+00     1
  0.731794E+01   0.443478E+00   0.282321E+01   0.000000E+00   0.000000E+00   0.000000E+00     1
  0.346391E+01  -0.932665E-01   0.265964E+01   0.000000E+00   0.000000E+00   0.000000E+00     1
  0.353369E+01  -0.121332E+00   0.247308E+01   0.000000E+00   0.000000E+00   0.000000E+00     1
  0.321913E+00  -0.109380E+00   0.272310E+01   0.000000E+00   0.000000E+00   0.000000E+00     1
  0.116014E+02   0.978943E-01   0.152856E+01   0.000000E+00   0.000000E+00   0.000000E+00     1
  0.394782E+01   0.893713E+00   0.242842E+01   0.000000E+00   0.000000E+00   0.000000E+00     1
  0.778749E+01   0.864317E+00   0.306490E+01   0.000000E+00   0.000000E+00   0.000000E+00     1
  0.833660E+01  -0.887445E+00   0.158512E+01   0.000000E+00   0.000000E+00   0.000000E+00     1
  0.798085E+00   0.687844E+00   0.444730E-02   0.000000E+00   0.000000E+00   0.000000E+00     1
  0.873234E+01   0.942431E+00   0.230999E+01   0.000000E+00   0.000000E+00   0.000000E+00     1
  0.817078E+00  -0.210704E+00   0.234351E+01   0.000000E+00   0.000000E+00   0.000000E+00     1
  0.450738E+01  -0.923445E+00   0.886394E-01   0.000000E+00   0.000000E+00   0.000000E+00     1
  0.114613E+02  -0.691167E+00   0.203104E+01   0.000000E+00   0.000000E+00   0.000000E+00     1
  0.320616E+01  -0.911656E+00   0.137474E+01   0.000000E+00   0.000000E+00   0.000000E+00     1
  0.637871E+01  -0.924318E+00   0.300935E+01   0.000000E+00   0.000000E+00   0.000000E+00     1
  0.118716E+02  -0.803507E+00   0.285614E+01   0.000000E+00   0.000000E+00   0.000000E+00     1
  0.117247E+02  -0.280722E+00   0.197572E+01   0.000000E+00   0.000000E+00   0.000000E+00     1
  0.121130E+02   0.149408E+00   0.715818E+00   0.000000E+00   0.000000E+00   0.000000E+00     1
  0.359971E+01  -0.415050E+00   0.115904E+01   0.000000E+00   0.000000E+00   0.000000E+00     1
  0.356741E+01   0.687298E+00   0.365978E+00   0.000000E+00   0.000000E+00   0.000000E+00     1
  0.363091E+01  -0.140343E+00   0.237608E+00   0.000000E+00   0.000000E+00   0.000000E+00     1
  0.535795E+01   0.452913E+00   0.179192E+01   0.000000E+00   0.000000E+00   0.000000E+00     1
  0.529950E+01  -0.401978E-01   0.295326E+01   0.000000E+00   0.000000E+00   0.000000E+00     1
  0.381202E+01  -0.267554E+00   0.300209E+01   0.000000E+00   0.000000E+00   0.000000E+00     1
  0.571136E+01  -0.187051E+00   0.485030E-01   0.000000E+00   0.000000E+00   0.000000E+00     1
  0.315340E+00  -0.902447E+00   0.346406E+00   0.000000E+00   0.000000E+00   0.000000E+00     1
  0.111478E+02   0.970744E+00   0.258601E+01   0.000000E+00   0.000000E+00   0.000000E+00     1
  0.114883E+02  -0.803322E-01   0.277977E+01   0.000000E+00   0.000000E+00   0.000000E+00     1
  0.470486E+01   0.808210E+00   0.394345E+00   0.000000E+00   0.000000E+00   0.000000E+00     1
  0.945726E+01  -0.768153E+00   0.166414E+01   0.000000E+00   0.000000E+00   0.000000E+00     1
  0.617360E+01   0.667965E+00   0.244335E+01   0.000000E+00   0.000000E+00   0.000000E+00     1
  0.633290E+01   0.164332E+00   0.673899E+00   0.000000E+00   0.000000E+00   0.000000E+00     1
  0.108742E+02  -0.258680E+00   0.214384E+01   0.000000E+00   0.000000E+00   0.000000E+00     1
  0.556229E+01  -0.348264E+00   0.125143E+01   0.000000E+00   0.000000E+00   0.000000E+00     1
  0.637858E+01   0.140426E+00   0.116761E+01   0.000000E+00   0.000000E+00   0.000000E+00     1
  0.750107E+01   0.390424E+00   0.266037E+01   0.000000E+00   0.000000E+00   0.000000E+00     1
  0.236934E+00   0.548329E+00   0.231570E+01   0.000000E+00   0.000000E+00   0.000000E+00     1
  0.143704E+00   0.416778E-01   0.211344E+01   0.000000E+00   0.000000E+00   0.000000E+00     1
  0.481163E+00  -0.751828E-01   0.183075E+01   0.000000E+00   0.000000E+00   0.000000E+00     1
  0.922086E+01   0.681567E+00   0.240219E+01   0.000000E+00   0.000000E+00   0.000000E+00     1
  0.387071E+01  -0.161307E+00   0.857491E+00   0.000000E+00   0.000000E+00   0.000000E+00     1
  0.450563E+01   0.785374E+00   0.141529E+01   0.000000E+00   0.000000E+00   0.000000E+00     1
  0.822724E+01  -0.605992E+00   0.250569E+01   0.000000E+00   0.000000E+00   0.000000E+00     1
  0.929297E+01  -0.481230E+00   0.285305E+01   0.000000E+00   0.000000E+00   0.000000E+00     1
  0.628556E+01   0.751319E+00   0.233446E+01   0.000000E+00   0.000000E+00   0.000000E+00     1
  0.805345E+01  -0.587896E+00   0.243382E+01   0.000000E+00   0.000000E+00   0.000000E+00     1
  0.728991E+01  -0.678725E+00   0.274599E+01   0.000000E+00   0.000000E+00   0.000000E+00     1
  0.644814E+01   0.516592E+00   0.251766E+01   0.000000E+00   0.000000E+00   0.000000E+00     1
  0.502055E+01   0.709342E-02   0.232611E+01   0.000000E+00   0.000000E+00   0.000000E+00     1
  0.506769E+01  -0.316152E+00   0.238028E+01   0.000000E+00   0.000000E+00   0.000000E+00     1
  0.747717E+01   0.194085E+00   0.190030E+01   0.000000E+00   0.000000E+00   0.000000E+00     1
  0.106394E+02   0.149415E+00   0.726915E+00   0.000000E+00   0.000000E+00   0.000000E+00     1
  0.112163E+02   0.484144E+00   0.517295E+00   0.000000E+00   0.000000E+00   0.000000E+00     1
  0.961230E+01   0.746059E+00   0.255350E+01   0.000000E+00   0.000000E+00   0.000000E+00     1
  0.615242E+01  -0.888573E+00   0.143689E+01   0.000000E+00   0.000000E+00   0.000000E+00     1
  0.212730E+01   0.913924E+00   0.280142E+01   0.000000E+00   0.000000E+00   0.000000E+00     1
  0.687292E+01  -0.473154E+00   0.109940E+01   0.000000E+00   0.000000E+00   0.000000E+00     1
  0.142079E+01   0.496186E+00   0.654097E+00   0.000000E+00   0.000000E+00   0.000000E+00     1
  0.575622E+01   0.974642E+00   0.247231E+01   0.000000E+00   0.000000E+00   0.000000E+00     1
  0.971592E+01   0.939682E+00   0.434401E+00   0.000000E+00   0.000000E+00   0.000000E+00     1
  0.792546E+01  -0.350696E+00   0.290649E+00   0.000000E+00   0.000000E+00   0.000000E+00     1
  0.331848E+01  -0.799059E-01   0.395323E+00   0.000000E+00   0.000000E+00   0.000000E+00     1
  0.761556E+01  -0.340788E+00   0.975374E+00   0.000000E+00   0.000000E+00   0.000000E+00     1
  0.361561E+01   0.298235E+00   0.912005E+00   0.000000E+00   0.000000E+00   0.000000E+00     1
  0.839588E+01   0.521259E+00   0.624034E+00   0.000000E+00   0.000000E+00   0.000000E+00     1
  0.666175E+01   0.875985E-01   0.312760E+01   0.000000E+00   0.000000E+00   0.000000E+00     1
  0.582956E+01   0.341050E+00   0.307151E+01   0.000000E+00   0.000000E+00   0.000000E+00     1
  0.656512E+00  -0.706864E+00   0.983878E-01   0.000000E+00   0.000000E+00   0.000000E+00     1
  0.246832E+01  -0.350828E+00   0.119612E+01   0.000000E+00   0.000000E+00   0.000000E+00     1
  0.163047E+01  -0.825482E+00   0.115237E+01   0.000000E+00   0.000000E+00   0.000000E+00     1
  0.122923E+02   0.938296E+00   0.224378E-01   0.000000E+00   0.000000E+00   0.000000E+00     1
  0.826613E+01  -0.561511E+00   0.169113E+01   0.000000E+00   0.000000E+00   0.000000E+00     1
  0.127767E+01  -0.797274E+00   0.574087E+00   0.000000E+00   0.000000E+00   0.000000E+00     1
  0.724925E+01   0.685886E+00   0.103020E+00   0.000000E+00   0.000000E+00   0.000000E+00     1
  0.120657E+02  -0.678085E+00   0.214554E+01   0.000000E+00   0.000000E+00   0.000000E+00     1
  0.866263E+00  -0.348253E-01   0.180996E+01   0.000000E+00   0.000000E+00   0.000000E+00     1
  0.102584E+02  -0.821282E+00   0.147607E+01   0.000000E+00   0.000000E+00   0.000000E+00     1
  0.640776E+01   0.693949E+00   0.210228E+01   0.000000E+00   0.000000E+00   0.000000E+00     1
  0.763542E+00   0.220123E+00   0.166928E+01   0.000000E+00   0.000000E+00   0.000000E+00     1
  0.992335E+01   0.786209E+00   0.794113E-01   0.000000E+00   0.000000E+00   0.000000E+00     1
  0.653563E+01   0.872839E-01   0.174105E+01   0.000000E+00   0.000000E+00   0.000000E+00     1
  0.476978E+01   0.852244E+00   0.222347E+01   0.000000E+00   0.000000E+00   0.000000E+00     1
  0.118380E+02   0.382624E+00   0.496468E+00   0.000000E+00   0.000000E+00   0.000000E+00     1
  0.481488E-01   0.588629E+00   0.138971E+00   0.000000E+00   0.000000E+00   0.000000E+00     1
  0.638478E+01  -0.742074E+00   0.187320E+01   0.000000E+00   0.000000E+00   0.000000E+00     1
  0.941165E+00   0.727163E+00   0.116220E+01   0.000000E+00   0.000000E+00   0.000000E+00     1
  0.621581E+01  -0.958317E-01   0.112994E+01   0.000000E+00   0.000000E+00   0.000000E+00     1
  0.816555E+01  -0.502666E+00   0.163193E+01   0.000000E+00   0.000000E+00   0.000000E+00     1
  0.114477E+02   0.269277E-01   0.626076E+00   0.000000E+00   0.000000E+00   0.000000E+00     1
  0.518754E+01   0.866256E+00   0.264567E+01   0.000000E+00   0.000000E+00   0.000000E+00     1
  0.946167E+01   0.948262E-01   0.209733E+01   0.000000E+00   0.000000E+00   0.000000E+00     1
  0.475759E+01   0.422588E+00   0.304480E+01   0.000000E+00   0.000000E+00   0.000000E+00     1
  0.218725E+01  -0.473304E+00   0.224877E+01   0.000000E+00   0.000000E+00   0.000000E+00     1
  0.960083E+01  -0.289065E+00   0.100497E+01   0.000000E+00   0.000000E+00   0.000000E+00     1
  0.964513E+01  -0.234835E+00   0.122215E+01   0.000000E+00   0.000000E+00   0.000000E+00     1
  0.110231E+02   0.224482E+00   0.243159E+01   0.000000E+00   0.000000E+00   0.000000E+00     1
  0.806426E+01  -0.911153E+00   0.650298E+00   0.000000E+00   0.000000E+00   0.000000E+00     1
  0.325304E+01  -0.859774E+00   0.269231E+00   0.000000E+00   0.000000E+00   0.000000E+00     1
  0.583859E+01   0.494263E+00   0.188082E+01   0.000000E+00   0.000000E+00   0.000000E+00     1
  0.991248E+01   0.917222E+00   0.698064E-01   0.000000E+00   0.000000E+00   0.000000E+00     1
  0.100288E+02   0.263105E+00   0.916977E+00   0.000000E+00   0.000000E+00   0.000000E+00     1
  0.728297E+01  -0.545597E+00   0.240254E+01   0.000000E+00   0.000000E+00   0.000000E+00     1
  0.374559E+00  -0.416320E+00   0.127948E+01   0.000000E+00   0.000000E+00   0.000000E+00     1
  0.431698E+01   0.902624E+00   0.115850E+00   0.000000E+00   0.000000E+00   0.000000E+00     1
  0.842576E+01  -0.196144E+00   0.149039E+00   0.000000E+00   0.000000E+00   0.000000E+00     1
  0.208484E+01  -0.985048E+00   0.122504E-01   0.000000E+00   0.000000E+00   0.000000E+00     1
  0.113684E+02  -0.836028E+00   0.198983E+01   0.000000E+00   0.000000E+00   0.000000E+00     1
  0.111102E+02  -0.559587E+00   0.984174E-01   0.000000E+00   0.000000E+00   0.000000E+00     1
  0.212049E+00  -0.804136E+00   0.228534E+01   0.000000E+00   0.000000E+00   0.000000E+00     1
  0.546852E+01  -0.523801E+00   0.242287E+01   0.000000E+00   0.000000E+00   0.000000E+00     1
  0.799981E+01  -0.762423E-01   0.182175E+01   0.000000E+00   0.000000E+00   0.000000E+00     1
  0.242221E+01   0.824027E+00   0.102314E+00   0.000000E+00   0.000000E+00   0.000000E+00     1
  0.629451E+01   0.192375E+00   0.155222E+01   0.000000E+00   0.000000E+00   0.000000E+00     1
  0.120945E+02   0.695021E+00   0.748388E-01   0.000000E+00   0.000000E+00   0.000000E+00     1
  0.116403E+02  -0.235362E+00   0.118299E+01   0.000000E+00   0.000000E+00   0.000000E+00     1
  0.658758E+01  -0.690067E+00   0.180527E+01   0.000000E+00   0.000000E+00   0.000000E+00     1
  0.493094E+01  -0.209504E+00   0.299174E+01   0.000000E+00   0.000000E+00   0.000000E+00     1
  0.132683E+01  -0.290945E+00   0.451390E+00   0.000000E+00   0.000000E+00   0.000000E+00     1
  0.588279E+01   0.882646E+00   0.489343E+00   0.000000E+00   0.000000E+00   0.000000E+00     1
  0.389415E+01  -0.476317E+00   0.163783E+01   0.000000E+00   0.000000E+00   0.000000E+00     1
  0.497615E+01  -0.320870E+00   0.287845E+01   0.000000E+00   0.000000E+00   0.000000E+00     1
  0.776858E+01   0.113785E+00   0.245999E+01   0.000000E+00   0.000000E+00   0.000000E+00     1
  0.186718E+01  -0.969495E-01   0.253310E+01   0.000000E+00   0.000000E+00   0.000000E+00     1
  0.937215E+01  -0.345211E+00   0.247521E+01   0.000000E+00   0.000000E+00   0.000000E+00     1
  0.109351E+02   0.264998E+00   0.310950E+01   0.000000E+00   0.000000E+00   0.000000E+00     1
  0.300759E+01   0.197781E+00   0.287129E+01   0.000000E+00   0.000000E+00   0.000000E+00     1
  0.117973E+02  -0.505504E+00   0.264587E+01   0.000000E+00   0.000000E+00   0.000000E+00     1
  0.343280E+01  -0.298461E+00   0.488205E+00   0.000000E+00   0.000000E+00   0.000000E+00     1
  0.583561E+01   0.938164E+00   0.185896E+01   0.000000E+00   0.000000E+00   0.000000E+00     1
  0.118980E+02  -0.967931E-02   0.168592E+01   0.000000E+00   0.000000E+00   0.000000E+00     1
  0.472228E+01   0.668530E+00   0.129471E-01   0.000000E+00   0.000000E+00   0.000000E+00     1
  0.381799E+00   0.894602E+00   0.260636E+01   0.000000E+00   0.000000E+00   0.000000E+00     1
  0.425142E+01   0.256947E+00   0.102841E+01   0.000000E+00   0.000000E+00   0.000000E+00     1
  0.112991E+02  -0.528507E+00   0.251444E+01   0.000000E+00   0.000000E+00   0.000000E+00     1
  0.502689E+01  -0.222519E+00   0.165210E+01   0.000000E+00   0.000000E+00   0.000000E+00     1
  0.668683E+01  -0.850897E+00   0.738764E+00   0.000000E+00   0.000000E+00   0.000000E+00     1
  0.123463E+02  -0.661399E+00   0.900189E+00   0.000000E+00   0.000000E+00   0.000000E+00     1
  0.115587E+02   0.320512E-02   0.260841E+01   0.000000E+00   0.000000E+00   0.000000E+00     1
  0.580135E+01   0.627551E+00   0.240227E+01   0.000000E+00   0.000000E+00   0.000000E+00     1
  0.273825E+01   0.786211E+00   0.146507E+01   0.000000E+00   0.000000E+00   0.000000E+00     1
  0.321620E+01  -0.708326E+00   0.151242E+01   0.000000E+00   0.000000E+00   0.000000E+00     1
  0.314574E+01  -0.262028E+00   0.383400E+00   0.000000E+00   0.000000E+00   0.000000E+00     1
  0.259233E-02   0.832133E+00   0.504115E+00   0.000000E+00   0.000000E+00   0.000000E+00     1
  0.164278E+01   0.890749E+00   0.240435E+01   0.000000E+00   0.000000E+00   0.000000E+00     1
  0.658706E+00  -0.619213E+00   0.279578E+01   0.000000E+00   0.000000E+00   0.000000E+00     1
  0.934303E+01  -0.916221E+00   0.796020E+00   0.000000E+00   0.000000E+00   0.000000E+00     1
  0.503867E+01  -0.651581E+00   0.569275E+00   0.000000E+00   0.000000E+00   0.000000E+00     1
  0.995339E+01   0.502384E+00   0.448847E+00   0.000000E+00   0.000000E+00   0.000000E+00     1
  0.110852E+02  -0.785055E+00   0.285672E+01   0.000000E+00   0.000000E+00   0.000000E+00     1
  0.769872E+01   0.872786E+00   0.644441E+00   0.000000E+00   0.000000E+00   0.000000E+00     1
  0.116712E+02   0.133200E+00   0.236319E+01   0.000000E+00   0.000000E+00   0.000000E+00     1
  0.121716E+02  -0.494902E+00   0.169815E+00   0.000000E+00   0.000000E+00   0.000000E+00     1
  0.111840E+02   0.462114E+00   0.280872E+01   0.000000E+00   0.000000E+00   0.000000E+00     1
  0.764442E+01   0.767255E+00   0.548267E+00   0.000000E+00   0.000000E+00   0.000000E+00     1
  0.219126E+01  -0.376650E+00   0.535313E+00   0.000000E+00   0.000000E+00   0.000000E+00     1
  0.451274E+01  -0.953979E+00   0.231086E+01   0.000000E+00   0.000000E+00   0.000000E+00     1
  0.104860E+02  -0.880936E+00   0.108121E+00   0.000000E+00   0.000000E+00   0.000000E+00     1
  0.954578E+01   0.988914E+00   0.120868E+01   0.000000E+00   0.000000E+00   0.000000E+00     1
  0.813790E+01  -0.829692E+00   0.168026E+01   0.000000E+00   0.000000E+00   0.000000E+00     1
  0.390242E+01   0.356052E+00   0.725034E+00   0.000000E+00   0.000000E+00   0.000000E+00     1
  0.524009E+01  -0.240813E+00   0.301958E+01   0.000000E+00   0.000000E+00   0.000000E+00     1
  0.475504E+01  -0.297199E+00   0.157109E+01   0.000000E+00   0.000000E+00   0.000000E+00     1
  0.378186E+01  -0.277512E+00   0.105569E+01   0.000000E+00   0.000000E+00   0.000000E+00     1
  0.122306E+02   0.566092E+00   0.101389E+01   0.000000E+00   0.000000E+00   0.000000E+00     1
  0.104131E+02   0.913366E+00   0.994580E+00   0.000000E+00   0.000000E+00   0.000000E+00     1
  0.426696E+01  -0.794391E+00   0.470182E+00   0.000000E+00   0.000000E+00   0.000000E+00     1
  0.972559E+01  -0.115494E+00   0.132954E+01   0.000000E+00   0.000000E+00   0.000000E+00     1
  0.351333E+01  -0.334388E+00   0.156045E+01   0.000000E+00   0.000000E+00   0.000000E+00     1
  0.309848E+01  -0.542457E+00   0.214223E-01   0.000000E+00   0.000000E+00   0.000000E+00     1
  0.234718E+01  -0.894151E+00   0.600556E+00   0.000000E+00   0.000000E+00   0.000000E+00     1
  0.730995E+01  -0.581074E+00   0.182467E+01   0.000000E+00   0.000000E+00   0.000000E+00     1
  0.951310E+01  -0.980869E+00   0.194852E+01   0.000000E+00   0.000000E+00   0.000000E+00     1
  0.678282E+01   0.194833E+00   0.248311E+01   0.000000E+00   0.000000E+00   0.000000E+00     1
  0.199464E+01  -0.524965E+00   0.148204E+01   0.000000E+00   0.000000E+00   0.000000E+00     1
  0.187912E+01   0.203715E+00   0.255815E+01   0.000000E+00   0.000000E+00   0.000000E+00     1
  0.560522E+01   0.983464E-01   0.303085E+01   0.000000E+00   0.000000E+00   0.000000E+00     1
  0.334753E+01   0.111723E+00   0.211513E+01   0.000000E+00   0.000000E+00   0.000000E+00     1
  0.765176E+01   0.595870E-01   0.268115E+01   0.000000E+00   0.000000E+00   0.000000E+00     1
  0.593835E+01   0.843834E+00   0.129776E+01   0.000000E+00   0.000000E+00   0.000000E+00     1
  0.111566E+02  -0.454029E+00   0.173326E+01   0.000000E+00   0.000000E+00   0.000000E+00     1
  0.350427E+01  -0.368483E+00   0.146957E+01   0.000000E+00   0.000000E+00   0.000000E+00     1
  0.104149E+02   0.798785E+00   0.197141E+01   0.000000E+00   0.000000E+00   0.000000E+00     1
  0.557074E+01  -0.757036E+00   0.198612E+01   0.000000E+00   0.000000E+00   0.000000E+00     1
  0.101881E+02   0.630550E+00   0.129905E+01   0.000000E+00   0.000000E+00   0.000000E+00     1
  0.877191E+01  -0.892871E+00   0.620620E+00   0.000000E+00   0.000000E+00   0.000000E+00     1
  0.131415E+01  -0.143337E+00   0.130257E+01   0.000000E+00   0.000000E+00   0.000000E+00     1
  0.119240E+02  -0.410261E+00   0.240870E+01   0.000000E+00   0.000000E+00   0.000000E+00     1
  0.585715E+01   0.259165E+00   0.561796E+00   0.000000E+00   0.000000E+00   0.000000E+00     1
  0.227365E+01   0.725053E+00   0.145894E+01   0.000000E+00   0.000000E+00   0.000000E+00     1
  0.614842E+01  -0.286653E-01   0.226576E+01   0.000000E+00   0.000000E+00   0.000000E+00     1
  0.464330E+01  -0.924689E+00   0.223047E+01   0.000000E+00   0.000000E+00   0.000000E+00     1
  0.360314E+01  -0.555191E+00   0.180178E+01   0.000000E+00   0.000000E+00   0.000000E+00     1
  0.723021E+01  -0.783367E+00   0.118978E+01   0.000000E+00   0.000000E+00   0.000000E+00     1
  0.218146E+01  -0.762463E+00   0.574227E+00   0.000000E+00   0.000000E+00   0.000000E+00     1
  0.110881E+02   0.373776E+00   0.203468E+01   0.000000E+00   0.000000E+00   0.000000E+00     1
  0.552327E+01   0.366573E+00   0.215301E+01   0.000000E+00   0.000000E+00   0.000000E+00     1
  0.334686E+01   0.700257E+00   0.271667E+01   0.000000E+00   0.000000E+00   0.000000E+00     1
  0.103490E+02  -0.950298E+00   0.192822E+01   0.000000E+00   0.000000E+00   0.000000E+00     1
  0.572152E+01  -0.896980E+00   0.604286E+00   0.000000E+00   0.000000E+00   0.000000E+00     1
  0.353107E+01   0.861918E+00   0.251590E+00   0.000000E+00   0.000000E+00   0.000000E+00     1
  0.292431E+01   0.247096E+00   0.264854E+01   0.000000E+00   0.000000E+00   0.000000E+00     1
  0.723789E+01  -0.628646E+00   0.214164E+01   0.000000E+00   0.000000E+00   0.000000E+00     1
  0.246756E+01   0.777303E+00   0.354619E+00   0.000000E+00   0.000000E+00   0.000000E+00     1
  0.383925E+01   0.176246E+00   0.119861E-01   0.000000E+00   0.000000E+00   0.000000E+00     1
  0.397836E+01  -0.138444E+00   0.192021E+00   0.000000E+00   0.000000E+00   0.000000E+00     1
  0.822037E+01  -0.300678E+00   0.228495E-01   0.000000E+00   0.000000E+00   0.000000E+00     1
  0.895158E+01  -0.260832E+00   0.125051E+01   0.000000E+00   0.000000E+00   0.000000E+00     1
  0.838225E+01  -0.777306E+00   0.107052E+01   0.000000E+00   0.000000E+00   0.000000E+00     1
  0.123577E+02  -0.535579E+00   0.114070E+01   0.000000E+00   0.000000E+00   0.000000E+00     1
  0.199619E+01   0.910231E+00   0.110277E+01   0.000000E+00   0.000000E+00   0.000000E+00     1
  0.827075E+01  -0.606817E+00   0.265035E+01   0.000000E+00   0.000000E+00   0.000000E+00     1
  0.595776E+01  -0.115075E+00   0.164111E+01   0.000000E+00   0.000000E+00   0.000000E+00     1
  0.761629E+01  -0.578097E+00   0.298140E+01   0.000000E+00   0.000000E+00   0.000000E+00     1
  0.523894E+01  -0.815189E+00   0.765471E+00   0.000000E+00   0.000000E+00   0.000000E+00     1
  0.258965E+01  -0.834884E+00   0.524368E+00   0.000000E+00   0.000000E+00   0.000000E+00     1
  0.122766E+02  -0.866545E+00   0.126996E+01   0.000000E+00   0.000000E+00   0.000000E+00     1
  0.818021E+01   0.936544E+00   0.197366E+01   0.000000E+00   0.000000E+00   0.000000E+00     1
  0.155428E+01   0.813680E+00   0.177894E+01   0.000000E+00   0.000000E+00   0.000000E+00     1
  0.111523E+02  -0.735935E+00   0.143410E+01   0.000000E+00   0.000000E+00   0.000000E+00     1
  0.994488E+00  -0.813434E+00   0.113441E+01   0.000000E+00   0.000000E+00   0.000000E+00     1
  0.355257E+01  -0.179305E+00   0.902826E+00   0.000000E+00   0.000000E+00   0.000000E+00     1
  0.118111E+02   0.160421E+00   0.262272E+01   0.000000E+00   0.000000E+00   0.000000E+00     1
  0.124730E+02  -0.115422E-01   0.750348E+00   0.000000E+00   0.000000E+00   0.000000E+00     1
  0.106628E+02   0.530297E+00   0.377414E+00   0.000000E+00   0.000000E+00   0.000000E+00     1
  0.193796E+01   0.305293E+00   0.170705E+01   0.000000E+00   0.000000E+00   0.000000E+00     1
  0.397515E+01   0.763916E+00   0.251042E+01   0.000000E+00   0.000000E+00   0.000000E+00     1
  0.577359E+01   0.494560E+00   0.258950E+01   0.000000E+00   0.000000E+00   0.000000E+00     1
  0.277862E+00   0.427703E-01   0.489395E+00   0.000000E+00   0.000000E+00   0.000000E+00     1
  0.238401E+00  -0.666422E+00   0.112440E+01   0.000000E+00   0.000000E+00   0.000000E+00     1
  0.392286E+00   0.930905E+00   0.142699E+01   0.000000E+00   0.000000E+00   0.000000E+00     1
  0.551352E+00   0.705093E+00   0.116833E+01   0.000000E+00   0.000000E+00   0.000000E+00     1
  0.267958E+01  -0.375875E+00   0.281497E+01   0.000000E+00   0.000000E+00   0.000000E+00     1
  0.358280E+01   0.146443E+00   0.404185E+00   0.000000E+00   0.000000E+00   0.000000E+00     1
  0.760034E+01   0.769002E+00   0.190707E+01   0.000000E+00   0.000000E+00   0.000000E+00     1
  0.200495E+01   0.974236E+00   0.310902E+01   0.000000E+00   0.000000E+00   0.000000E+00     1
  0.602537E+01  -0.966076E+00   0.101202E+01   0.000000E+00   0.000000E+00   0.000000E+00     1
  0.116833E-01   0.552493E+00   0.246838E+01   0.000000E+00   0.000000E+00   0.000000E+00     1
  0.202933E+01   0.671788E+00   0.191715E+01   0.000000E+00   0.000000E+00   0.000000E+00     1
  0.796864E+01  -0.229503E+00   0.280128E+01   0.000000E+00   0.000000E+00   0.000000E+00     1
  0.120675E+01   0.743537E+00   0.671970E+00   0.000000E+00   0.000000E+00   0.000000E+00     1
  0.975893E+01   0.440937E+00   0.272075E+01   0.000000E+00   0.000000E+00   0.000000E+00     1
  0.398074E+01   0.789299E+00   0.214398E+01   0.000000E+00   0.000000E+00   0.000000E+00     1
  0.106193E+02  -0.662368E+00   0.286776E+01   0.000000E+00   0.000000E+00   0.000000E+00     1
  0.123290E+02  -0.367600E+00   0.242600E+01   0.000000E+00   0.000000E+00   0.000000E+00     1
  0.101320E+02  -0.347566E+00   0.259303E+01   0.000000E+00   0.000000E+00   0.000000E+00     1
  0.515655E+01   0.391372E+00   0.729236E+00   0.000000E+00   0.000000E+00   0.000000E+00     1
  0.161813E+01  -0.545104E+00   0.209474E+01   0.000000E+00   0.000000E+00   0.000000E+00     1
  0.107754E+02  -0.673056E+00   0.318421E+00   0.000000E+00   0.000000E+00   0.000000E+00     1
  0.144682E+00  -0.113516E+00   0.855160E+00   0.000000E+00   0.000000E+00   0.000000E+00     1
  0.540760E+01   0.285696E+00   0.246599E+01   0.000000E+00   0.000000E+00   0.000000E+00     1
  0.601103E+01  -0.785409E+00   0.137082E+01   0.000000E+00   0.000000E+00   0.000000E+00     1
  0.401126E+01   0.614352E+00   0.224126E+01   0.000000E+00   0.000000E+00   0.000000E+00     1
  0.649710E+01   0.756865E+00   0.248917E+01   0.000000E+00   0.000000E+00   0.000000E+00     1
  0.683372E+01  -0.626542E+00   0.190019E+01   0.000000E+00   0.000000E+00   0.000000E+00     1
  0.971155E+00  -0.779424E+00   0.140929E+01   0.000000E+00   0.000000E+00   0.000000E+00     1
  0.841848E+01   0.444769E-01   0.138711E+01   0.000000E+00   0.000000E+00   0.000000E+00     1
  0.334100E+00  -0.822661E+00   0.509411E+00   0.000000E+00   0.000000E+00   0.000000E+00     1
  0.142482E+01   0.204743E+00   0.297988E+01   0.000000E+00   0.000000E+00   0.000000E+00     1
  0.110884E+02   0.533898E+00   0.278275E+01   0.000000E+00   0.000000E+00   0.000000E+00     1
  0.158138E+01   0.794582E+00   0.278385E+01   0.000000E+00   0.000000E+00   0.000000E+00     1
  0.949131E+01   0.141225E+00   0.308070E+00   0.000000E+00   0.000000E+00   0.000000E+00     1
  0.735678E+01  -0.691406E-01   0.263057E+01   0.000000E+00   0.000000E+00   0.000000E+00     1
  0.266816E+01   0.198889E+00   0.268661E+01   0.000000E+00   0.000000E+00   0.000000E+00     1
  0.116802E+01   0.378823E+00   0.571628E+00   0.000000E+00   0.000000E+00   0.000000E+00     1
  0.108971E+02   0.791178E+00   0.115591E+01   0.000000E+00   0.000000E+00   0.000000E+00     1
  0.736445E+01  -0.575243E+00   0.253241E+01   0.000000E+00   0.000000E+00   0.000000E+00     1
  0.304397E+01  -0.646640E+00   0.278365E+01   0.000000E+00   0.000000E+00   0.000000E+00     1
  0.148845E+01   0.674093E+00   0.222006E+01   0.000000E+00   0.000000E+00   0.000000E+00     1
  0.476913E+01   0.336141E+00   0.298363E+01   0.000000E+00   0.000000E+00   0.000000E+00     1
  0.401916E+01   0.533252E-01   0.108747E+01   0.000000E+00   0.000000E+00   0.000000E+00     1
  0.928538E+01   0.664614E+00   0.870808E+00   0.000000E+00   0.000000E+00   0.000000E+00     1
  0.304105E+01  -0.212588E+00   0.219909E+01   0.000000E+00   0.000000E+00   0.000000E+00     1
  0.294966E+00  -0.651681E+00   0.214756E+01   0.000000E+00   0.000000E+00   0.000000E+00     1
  0.103924E+02  -0.974770E+00   0.250063E+01   0.000000E+00   0.000000E+00   0.000000E+00     1
  0.770990E+01  -0.938960E+00   0.296642E+01   0.000000E+00   0.000000E+00   0.000000E+00     1
  0.758412E+01   0.871390E+00   0.222625E+01   0.000000E+00   0.000000E+00   0.000000E+00     1
  0.460803E+01   0.238774E-01   0.418348E-01   0.000000E+00   0.000000E+00   0.000000E+00     1
  0.319854E+01   0.777055E+00   0.633788E+00   0.000000E+00   0.000000E+00   0.000000E+00     1
  0.664293E+01  -0.970078E+00   0.306398E+01   0.000000E+00   0.000000E+00   0.000000E+00     1
  0.928983E+01  -0.297606E+00   0.107111E+01   0.000000E+00   0.000000E+00   0.000000E+00     1
  0.450124E+01  -0.892853E-01   0.311003E+01   0.000000E+00   0.000000E+00   0.000000E+00     1
  0.125434E+02   0.122937E+00   0.130680E+01   0.000000E+00   0.000000E+00   0.000000E+00     1
  0.553534E+01  -0.547730E+00   0.796187E+00   0.000000E+00   0.000000E+00   0.000000E+00     1
  0.871115E-01  -0.407791E+00   0.164684E+01   0.000000E+00   0.000000E+00   0.000000E+00     1
  0.945045E+01  -0.203695E+00   0.237685E+01   0.000000E+00   0.000000E+00   0.000000E+00     1
  0.962392E+01   0.965898E+00   0.254303E+01   0.000000E+00   0.000000E+00   0.000000E+00     1
  0.533115E+00  -0.112444E+00   0.588858E+00   0.000000E+00   0.000000E+00   0.000000E+00     1
  0.225363E+01   0.401413E+00   0.244144E+01   0.000000E+00   0.000000E+00   0.000000E+00     1
  0.436848E+01  -0.310521E+00   0.304370E+01   0.000000E+00   0.000000E+00   0.000000E+00     1
  0.665991E+01  -0.309985E+00   0.147705E+01   0.000000E+00   0.000000E+00   0.000000E+00     1
  0.117541E+02  -0.908768E+00   0.222328E+01   0.000000E+00   0.000000E+00   0.000000E+00     1
  0.924122E+01   0.970155E+00   0.136655E+01   0.000000E+00   0.000000E+00   0.000000E+00     1
  0.101957E+02   0.578825E+00   0.202900E+01   0.000000E+00   0.000000E+00   0.000000E+00     1
  0.820378E+00   0.566193E+00   0.300449E+01   0.000000E+00   0.000000E+00   0.000000E+00     1
  0.108343E+02  -0.849670E+00   0.293917E+00   0.000000E+00   0.000000E+00   0.000000E+00     1
  0.505813E+01  -0.359027E+00   0.222478E+01   0.000000E+00   0.000000E+00   0.000000E+00     1
  0.551236E+01  -0.865637E+00   0.112390E+01   0.000000E+00   0.000000E+00   0.000000E+00     1
  0.697378E+01   0.785313E-01   0.148998E+01   0.000000E+00   0.000000E+00   0.000000E+00     1
  0.446208E+01   0.214661E+00   0.158330E+01   0.000000E+00   0.000000E+00   0.000000E+00     1
  0.124244E+02  -0.285550E+00   0.205696E+01   0.000000E+00   0.000000E+00   0.000000E+00     1
  0.763247E+01  -0.386778E+00   0.292010E+01   0.000000E+00   0.000000E+00   0.000000E+00     1
  0.103274E+02   0.731073E+00   0.201592E+01   0.000000E+00   0.000000E+00   0.000000E+00     1
  0.100241E+02  -0.917034E+00   0.631254E+00   0.000000E+00   0.000000E+00   0.000000E+00     1
  0.192992E+01   0.291319E+00   0.300542E+00   0.000000E+00   0.000000E+00   0.000000E+00     1
  0.505932E+01  -0.972787E+00   0.549959E+00   0.000000E+00   0.000000E+00   0.000000E+00     1
  0.528175E+01   0.631075E+00   0.196083E+01   0.000000E+00   0.000000E+00   0.000000E+00     1
  0.157337E+01  -0.670126E+00   0.412310E-01   0.000000E+00   0.000000E+00   0.000000E+00     1
  0.249228E+00  -0.805227E+00   0.180664E+01   0.000000E+00   0.000000E+00   0.000000E+00     1
  0.699748E+01  -0.336819E+00   0.434686E+00   0.000000E+00   0.000000E+00   0.000000E+00     1
  0.696794E+00   0.229252E+00   0.165112E+01   0.000000E+00   0.000000E+00   0.000000E+00     1
  0.422705E+01   0.877896E+00   0.101719E+01   0.000000E+00   0.000000E+00   0.000000E+00     1
  0.127094E+01   0.845445E+00   0.913028E+00   0.000000E+00   0.000000E+00   0.000000E+00     1
  0.558099E+01  -0.825333E+00   0.297082E+01   0.000000E+00   0.000000E+00   0.000000E+00     1
  0.722529E+01  -0.700066E+00   0.310639E+01   0.000000E+00   0.000000E+00   0.000000E+00     1
  0.740537E+01   0.531285E+00   0.236573E+01   0.000000E+00   0.000000E+00   0.000000E+00     1
  0.202618E+00  -0.357453E+00   0.982643E+00   0.000000E+00   0.000000E+00   0.000000E+00     1
  0.109062E+02   0.775818E+00   0.182631E-01   0.000000E+00   0.000000E+00   0.000000E+00     1
  0.448090E+01   0.550933E+00   0.226573E+01   0.000000E+00   0.000000E+00   0.000000E+00     1
  0.153907E+01   0.737795E-01   0.268129E+01   0.000000E+00   0.000000E+00   0.000000E+00     1
  0.898175E+01   0.253727E+00   0.169151E+01   0.000000E+00   0.000000E+00   0.000000E+00     1
  0.770376E+01   0.350017E+00   0.281612E+01   0.000000E+00   0.000000E+00   0.000000E+00     1
  0.833085E+01   0.697205E+00   0.296349E+00   0.000000E+00   0.000000E+00   0.000000E+00     1
  0.313534E+01   0.388171E+00   0.128143E+00   0.000000E+00   0.000000E+00   0.000000E+00     1
  0.936169E+01   0.602763E+00   0.328516E+00   0.000000E+00   0.000000E+00   0.000000E+00     1
  0.575611E+01  -0.549659E+00   0.193204E+01   0.000000E+00   0.000000E+00   0.000000E+00     1
  0.888018E+01   0.732408E+00   0.251180E+01   0.000000E+00   0.000000E+00   0.000000E+00     1
  0.890994E+01  -0.265103E+00   0.154713E+01   0.000000E+00   0.000000E+00   0.000000E+00     1
  0.219870E+01   0.265320E+00   0.200027E+01   0.000000E+00   0.000000E+00   0.000000E+00     1
  0.120305E+02  -0.933759E+00   0.140717E+01   0.000000E+00   0.000000E+00   0.000000E+00     1
  0.549554E-01   0.594085E+00   0.281182E+01   0.000000E+00   0.000000E+00   0.000000E+00     1
  0.693337E+01   0.723756E+00   0.129884E+01   0.000000E+00   0.000000E+00   0.000000E+00     1
  0.943678E+01  -0.342519E+00   0.154297E+01   0.000000E+00   0.000000E+00   0.000000E+00     1
  0.346001E+01   0.597367E+00   0.404044E-01   0.000000E+00   0.000000E+00   0.000000E+00     1
  0.627952E+01  -0.557941E+00   0.458947E+00   0.000000E+00   0.000000E+00   0.000000E+00     1
  0.874278E-01   0.413399E+00   0.773710E+00   0.000000E+00   0.000000E+00   0.000000E+00     1
  0.105524E+02  -0.376630E+00   0.168898E+01   0.000000E+00   0.000000E+00   0.000000E+00     1
  0.687436E+01   0.504880E+00   0.300158E+01   0.000000E+00   0.000000E+00   0.000000E+00     1
  0.116860E+02  -0.579971E-01   0.206473E+01   0.000000E+00   0.000000E+00   0.000000E+00     1
  0.148026E+01   0.295744E+00   0.146792E+01   0.000000E+00   0.000000E+00   0.000000E+00     1
  0.727748E+01   0.728667E+00   0.225440E+01   0.000000E+00   0.000000E+00   0.000000E+00     1
  0.462832E+01  -0.246987E+00   0.916950E+00   0.000000E+00   0.000000E+00   0.000000E+00     1
  0.120748E+02  -0.852887E+00   0.161039E+01   0.000000E+00   0.000000E+00   0.000000E+00     1
  0.846908E+01   0.717615E+00   0.217249E+01   0.000000E+00   0.000000E+00   0.000000E+00     1
  0.115299E+02  -0.835631E+00   0.282167E+01   0.000000E+00   0.000000E+00   0.000000E+00     1
  0.119855E+02  -0.371233E+00   0.216896E+01   0.000000E+00   0.000000E+00   0.000000E+00     1
  0.113949E+02  -0.520569E+00   0.135803E+01   0.000000E+00   0.000000E+00   0.000000E+00     1
  0.154011E+01  -0.219695E+00   0.213816E+01   0.000000E+00   0.000000E+00   0.000000E+00     1
  0.362630E+01  -0.893107E+00   0.269207E+01   0.000000E+00   0.000000E+00   0.000000E+00     1
  0.190043E+01  -0.492011E+00   0.298571E+01   0.000000E+00   0.000000E+00   0.000000E+00     1
  0.876361E+01  -0.510298E+00   0.684900E+00   0.000000E+00   0.000000E+00   0.000000E+00     1
  0.121236E+02   0.143109E+00   0.345468E+00   0.000000E+00   0.000000E+00   0.000000E+00     1
  0.713844E+01   0.814409E+00   0.173614E+01   0.000000E+00   0.000000E+00   0.000000E+00     1
  0.639647E+01  -0.480908E+00   0.883838E+00   0.000000E+00   0.000000E+00   0.000000E+00     1
  0.919063E+01  -0.981335E+00   0.548059E+00   0.000000E+00   0.000000E+00   0.000000E+00     1
  0.858021E+01  -0.820897E+00   0.308850E+01   0.000000E+00   0.000000E+00   0.000000E+00     1
  0.103820E+02   0.868844E+00   0.228815E+01   0.000000E+00   0.000000E+00   0.000000E+00     1
  0.228644E+01  -0.282399E+00   0.265746E+01   0.000000E+00   0.000000E+00   0.000000E+00     1
  0.666067E+01   0.422937E+00   0.284701E+00   0.000000E+00   0.000000E+00   0.000000E+00     1
  0.602060E+01  -0.870333E-01   0.291450E+01   0.000000E+00   0.000000E+00   0.000000E+00     1
  0.557125E+01  -0.197792E+00   0.119131E+01   0.000000E+00   0.000000E+00   0.000000E+00     1
  0.328205E+01   0.239283E+00   0.300450E+01   0.000000E+00   0.000000E+00   0.000000E+00     1
  0.292199E+01   0.100791E+00   0.192907E+00   0.000000E+00   0.000000E+00   0.000000E+00     1
  0.516782E+01  -0.739307E+00   0.283740E+01   0.000000E+00   0.000000E+00   0.000000E+00     1
  0.113299E+02   0.250163E+00   0.141004E+01   0.000000E+00   0.000000E+00   0.000000E+00     1
  0.366499E+01  -0.893618E+00   0.212080E+01   0.000000E+00   0.000000E+00   0.000000E+00     1
  0.856849E+01   0.152876E+00   0.353765E+00   0.000000E+00   0.000000E+00   0.000000E+00     1
  0.880408E+01   0.944987E+00   0.203119E+01   0.000000E+00   0.000000E+00   0.000000E+00     1
  0.122978E+02   0.651472E+00   0.200840E+01   0.000000E+00   0.000000E+00   0.000000E+00     1
  0.157507E+01   0.901064E+00   0.296090E+01   0.000000E+00   0.000000E+00   0.000000E+00     1
  0.504355E+01   0.698045E+00   0.171935E-01   0.000000E+00   0.000000E+00   0.000000E+00     1
  0.933735E+01  -0.918808E+00   0.320253E+00   0.000000E+00   0.000000E+00   0.000000E+00     1
  0.665388E+01   0.908657E+00   0.227610E+01   0.000000E+00   0.000000E+00   0.000000E+00     1
  0.131767E+01   0.200173E+00   0.311377E+01   0.000000E+00   0.000000E+00   0.000000E+00     1
  0.914180E+01  -0.478193E+00   0.312946E+01   0.000000E+00   0.000000E+00   0.000000E+00     1
  0.397209E+01   0.523472E+00   0.308988E+01   0.000000E+00   0.000000E+00   0.000000E+00     1
  0.854469E+01  -0.683828E+00   0.164997E+01   0.000000E+00   0.000000E+00   0.000000E+00     1
  0.353820E+01  -0.890222E+00   0.173314E+01   0.000000E+00   0.000000E+00   0.000000E+00     1
  0.112980E+02   0.282406E-01   0.752029E+00   0.000000E+00   0.000000E+00   0.000000E+00     1
  0.981586E+01   0.338017E+00   0.222341E+01   0.000000E+00   0.000000E+00   0.000000E+00     1
  0.624120E+01   0.680744E+00   0.209618E+01   0.000000E+00   0.000000E+00   0.000000E+00     1
  0.249066E+01  -0.430188E+00   0.182591E+01   0.000000E+00   0.000000E+00   0.000000E+00     1
  0.908790E+01  -0.614504E+00   0.524325E+00   0.000000E+00   0.000000E+00   0.000000E+00     1
  0.844929E+01  -0.954908E+00   0.266280E+01   0.000000E+00   0.000000E+00   0.000000E+00     1
  0.403937E+01   0.929846E+00   0.239259E+01   0.000000E+00   0.000000E+00   0.000000E+00     1
  0.101138E+02  -0.782450E+00   0.128568E+01   0.000000E+00   0.000000E+00   0.000000E+00     1
  0.455549E+01  -0.810617E+00   0.785906E+00   0.000000E+00   0.000000E+00   0.000000E+00     1
  0.978428E+01  -0.711364E+00   0.129476E+01   0.000000E+00   0.000000E+00   0.000000E+00     1
  0.367789E+01  -0.932171E+00   0.143216E+01   0.000000E+00   0.000000E+00   0.000000E+00     1
  0.109541E+02  -0.670981E+00   0.202172E+01   0.000000E+00   0.000000E+00   0.000000E+00     1
  0.690857E+01   0.709989E+00   0.191417E+01   0.000000E+00   0.000000E+00   0.000000E+00     1
  0.737649E+01  -0.915603E-01   0.233385E+01   0.000000E+00   0.000000E+00   0.000000E+00     1
  0.119140E+02   0.745223E+00   0.303981E+01   0.000000E+00   0.000000E+00   0.000000E+00     1
  0.970689E+01  -0.961258E+00   0.304262E+01   0.000000E+00   0.000000E+00   0.000000E+00     1
  0.232682E+01  -0.574275E+00   0.436319E+00   0.000000E+00   0.000000E+00   0.000000E+00     1
  0.219386E+01   0.889848E+00   0.271910E+00   0.000000E+00   0.000000E+00   0.000000E+00     1
  0.450539E+01  -0.227101E+00   0.116026E+01   0.000000E+00   0.000000E+00   0.000000E+00     1
  0.932120E+01   0.873484E+00   0.269542E+01   0.000000E+00   0.000000E+00   0.000000E+00     1
  0.126320E+01   0.740438E+00   0.134997E+01   0.000000E+00   0.000000E+00   0.000000E+00     1
  0.270846E+01   0.391286E+00   0.249603E+01   0.000000E+00   0.000000E+00   0.000000E+00     1
  0.160096E+00   0.335152E+00   0.888046E+00   0.000000E+00   0.000000E+00   0.000000E+00     1
  0.514596E+01   0.368997E+00   0.616135E+00   0.000000E+00   0.000000E+00   0.000000E+00     1
  0.771437E+00   0.185671E+00   0.763314E+00   0.000000E+00   0.000000E+00   0.000000E+00     1
  0.638167E+01   0.913809E+00   0.251812E+01   0.000000E+00   0.000000E+00   0.000000E+00     1
  0.674634E+01  -0.900791E+00   0.610115E+00   0.000000E+00   0.000000E+00   0.000000E+00     1
  0.691175E+01   0.969561E+00   0.302671E+01   0.000000E+00   0.000000E+00   0.000000E+00     1
  0.117766E+02   0.831036E+00   0.175602E+00   0.000000E+00   0.000000E+00   0.000000E+00     1
  0.118030E+02   0.227845E+00   0.149085E+01   0.000000E+00   0.000000E+00   0.000000E+00     1
  0.925165E+00   0.640727E+00   0.152112E+01   0.000000E+00   0.000000E+00   0.000000E+00     1
  0.158384E+01  -0.801128E+00   0.628299E+00   0.000000E+00   0.000000E+00   0.000000E+00     1
  0.787959E+01   0.622531E+00   0.155608E+01   0.000000E+00   0.000000E+00   0.000000E+00     1
  0.118968E+01  -0.583179E+00   0.302042E+01   0.000000E+00   0.000000E+00   0.000000E+00     1
  0.253527E+00  -0.576456E-01   0.195684E+01   0.000000E+00   0.000000E+00   0.000000E+00     1
  0.520086E+01  -0.587112E+00   0.657572E+00   0.000000E+00   0.000000E+00   0.000000E+00     1
  0.100106E+02   0.859179E+00   0.107841E+01   0.000000E+00   0.000000E+00   0.000000E+00     1
  0.121100E+02  -0.259691E+00   0.276476E+00   0.000000E+00   0.000000E+00   0.000000E+00     1
  0.121389E+02   0.599542E+00   0.377852E+00   0.000000E+00   0.000000E+00   0.000000E+00     1
  0.118041E+02   0.641094E+00   0.414732E+00   0.000000E+00   0.000000E+00   0.000000E+00     1
  0.819007E+01   0.278786E+00   0.100963E+01   0.000000E+00   0.000000E+00   0.000000E+00     1
  0.448468E+01  -0.746615E+00   0.701883E+00   0.000000E+00   0.000000E+00   0.000000E+00     1
  0.189041E+01  -0.518322E+00   0.300301E+01   0.000000E+00   0.000000E+00   0.000000E+00     1
  0.100968E+02  -0.331678E+00   0.105841E+01   0.000000E+00   0.000000E+00   0.000000E+00     1
  0.732655E+01  -0.125337E+00   0.225347E+01   0.000000E+00   0.000000E+00   0.000000E+00     1
  0.718048E+01  -0.873672E+00   0.192763E+00   0.000000E+00   0.000000E+00   0.000000E+00     1
  0.123613E+02  -0.455463E+00   0.226123E+01   0.000000E+00   0.000000E+00   0.000000E+00     1
  0.358963E+01   0.691076E+00   0.861033E+00   0.000000E+00   0.000000E+00   0.000000E+00     1
  0.431127E-01  -0.424864E+00   0.153185E+01   0.000000E+00   0.000000E+00   0.000000E+00     1
  0.723198E+01  -0.811364E+00   0.314118E+00   0.000000E+00   0.000000E+00   0.000000E+00     1
